{"BALL_GENERATOR": {"snap_points": {"POWER_A": {"matrix": [[1.0, 0.0, 0.0, 0.0], [0.0, 1.0, 0.0, 0.2844321505122733], [0.0, 0.0, 1.0, -1.5], [0.0, 0.0, 0.0, 1.0]]}}, "parts": ["SPAWNER_BALL"]}, "BATTERY": {"snap_points": {"POWER_A": {"matrix": [[1.0, 0.0, 0.0, -0.7758], [0.0, 1.0, 0.0, 0.2408], [0.0, 0.0, 1.0, 0.0], [0.0, 0.0, 0.0, 1.0]]}, "POWER_B": {"matrix": [[1.0, 0.0, 0.0, 0.0], [0.0, 1.0, 0.0, 0.2408], [0.0, 0.0, 1.0, 0.7758], [0.0, 0.0, 0.0, 1.0]]}, "POWER_C": {"matrix": [[1.0, 0.0, 0.0, 0.7757], [0.0, 1.0, 0.0, 0.2408], [0.0, 0.0, 1.0, 0.0], [0.0, 0.0, 0.0, 1.0]]}, "POWER_D": {"matrix": [[1.0, 0.0, 0.0, 0.0], [0.0, 1.0, 0.0, 0.2408], [0.0, 0.0, 1.0, -0.7757], [0.0, 0.0, 0.0, 1.0]]}}, "parts": ["U_BATTERY_S"]}, "BIG_FEEDER": {"snap_points": {"POWER_A": {"matrix": [[1.0, 0.0, 0.0, 0.0], [0.0, 1.0, 0.0, 0.7221], [0.0, 0.0, 1.0, 2.5493], [0.0, 0.0, 0.0, 1.0]]}}, "parts": ["CREATURE_FARM"]}, "BIO_ROOM": {"snap_points": {"NORTH": {"matrix": [[1.0, 0.0, 0.0, 6.0], [0.0, 1.0, 0.0, 2.0], [0.0, 0.0, 1.0, 0.0], [0.0, 0.0, 0.0, 1.0]], "opposite": "SOUTH"}, "EAST": {"matrix": [[-2.220446049250313e-16, 0.0, -1.0, 0.0], [0.0, 1.0, 0.0, 2.0], [1.0, 0.0, -2.220446049250313e-16, 6.0], [0.0, 0.0, 0.0, 1.0]], "opposite": "WEST"}, "SOUTH": {"matrix": [[-1.0, 0.0, 1.2246467991473532e-16, -6.0], [0.0, 1.0, 0.0, 2.0], [-1.2246467991473532e-16, 0.0, -1.0, 0.0], [0.0, 0.0, 0.0, 1.0]], "opposite": "NORTH"}, "WEST": {"matrix": [[0.0, 0.0, 1.0, -3.2543921564047858e-15], [0.0, 1.0, 0.0, 2.0], [-1.0, 0.0, 0.0, -6.0], [0.0, 0.0, 0.0, 1.0]], "opposite": "EAST"}, "TOP": {"matrix": [[0.0, -1.0, 0.0, 0.0], [1.0, 0.0, 0.0, 4.0], [0.0, 0.0, 1.0, 0.0], [0.0, 0.0, 0.0, 1.0]], "opposite": "BOTTOM"}, "BOTTOM": {"matrix": [[0.0, 1.0, 0.0, 0.0], [-1.0, 0.0, 0.0, 0.0], [0.0, 0.0, 1.0, 0.0], [0.0, 0.0, 0.0, 1.0]], "opposite": "TOP"}, "LADDER_START": {"matrix": [[0.0, -1.0, 0.0, 0.0], [1.0, 0.0, 0.0, 0.0], [0.0, 0.0, 1.0, 0.0], [0.0, 0.0, 0.0, 1.0]], "opposite": "TOP"}, "NORTHEAST": {"matrix": [[0.7071067811865475, 0.0, -0.7071067811865477, 4.242640687119285], [0.0, 1.0, 0.0, 2.0], [0.7071067811865477, 0.0, 0.7071067811865475, 4.242640687119286], [0.0, 0.0, 0.0, 1.0]], "opposite": "SOUTHWEST"}, "SOUTHEAST": {"matrix": [[-0.7071067811865475, 0.0, -0.7071067811865475, -4.242640687119286], [0.0, 1.0, 0.0, 2.0], [0.7071067811865475, 0.0, -0.7071067811865475, 4.242640687119285], [0.0, 0.0, 0.0, 1.0]], "opposite": "NORTHWEST"}, "SOUTHWEST": {"matrix": [[-0.7071067811865475, 0.0, 0.7071067811865477, -4.242640687119285], [0.0, 1.0, 0.0, 2.0], [-0.7071067811865477, 0.0, -0.7071067811865475, -4.242640687119286], [0.0, 0.0, 0.0, 1.0]], "opposite": "NORTHEAST"}, "NORTHWEST": {"matrix": [[0.7071067811865477, 0.0, 0.7071067811865475, 4.242640687119283], [0.0, 1.0, 0.0, 2.0], [-0.7071067811865475, 0.0, 0.7071067811865477, -4.242640687119287], [0.0, 0.0, 0.0, 1.0]], "opposite": "SOUTHEAST"}, "POWER_A": {"matrix": [[1.0, 0.0, 0.0, -4.5242], [0.0, 1.0, 0.0, 0.4486], [0.0, 0.0, 1.0, 4.5631], [0.0, 0.0, 0.0, 1.0]], "opposite": "SOUTHEAST"}, "POWER_B": {"matrix": [[1.0, 0.0, 0.0, 4.563], [0.0, 1.0, 0.0, 0.4486], [0.0, 0.0, 1.0, 4.524], [0.0, 0.0, 0.0, 1.0]], "opposite": "SOUTHEAST"}, "POWER_C": {"matrix": [[1.0, 0.0, 0.0, 4.524], [0.0, 1.0, 0.0, 0.4486], [0.0, 0.0, 1.0, -4.563], [0.0, 0.0, 0.0, 1.0]], "opposite": "SOUTHEAST"}, "POWER_D": {"matrix": [[1.0, 0.0, 0.0, -4.562900000000001], [0.0, 1.0, 0.0, 0.44899999999999995], [0.0, 0.0, 1.0, -4.5243], [0.0, 0.0, 0.0, 1.0]], "opposite": "SOUTHEAST"}, "PLANT_POSITIONA": {"matrix": [[0.0, -1.0, 0.0, 0.0], [1.0, 0.0, 0.0, -0.15880800000000003], [0.0, 0.0, 1.0, -4.664640000000001], [0.0, 0.0, 0.0, 1.0]]}, "PLANT_POSITIONB": {"matrix": [[0.0, -1.0, 0.0, -1.78507], [1.0, 0.0, 0.0, -0.158772], [0.0, 0.0, 1.0, -4.30958], [0.0, 0.0, 0.0, 1.0]]}, "PLANT_POSITIONC": {"matrix": [[0.0, -1.0, 0.0, -3.29841], [1.0, 0.0, 0.0, -0.158772], [0.0, 0.0, 1.0, -3.2984], [0.0, 0.0, 0.0, 1.0]]}, "PLANT_POSITIOND": {"matrix": [[0.0, -1.0, 0.0, -4.30955], [1.0, 0.0, 0.0, -0.158772], [0.0, 0.0, 1.0, -1.78506], [0.0, 0.0, 0.0, 1.0]]}, "PLANT_POSITIONE": {"matrix": [[0.0, -1.0, 0.0, -4.66464], [1.0, 0.0, 0.0, -0.158808], [0.0, 0.0, 1.0, 0.0], [0.0, 0.0, 0.0, 1.0]]}, "PLANT_POSITIONF": {"matrix": [[0.0, -1.0, 0.0, -4.30958], [1.0, 0.0, 0.0, -0.158772], [0.0, 0.0, 1.0, 1.78507], [0.0, 0.0, 0.0, 1.0]]}, "PLANT_POSITIONG": {"matrix": [[0.0, -1.0, 0.0, -3.2984], [1.0, 0.0, 0.0, -0.158772], [0.0, 0.0, 1.0, 3.29841], [0.0, 0.0, 0.0, 1.0]]}, "PLANT_POSITIONH": {"matrix": [[0.0, -1.0, 0.0, -1.78506], [1.0, 0.0, 0.0, -0.158772], [0.0, 0.0, 1.0, 4.30955], [0.0, 0.0, 0.0, 1.0]]}, "PLANT_POSITIONI": {"matrix": [[0.0, -1.0, 0.0, -5.71253644517471e-16], [1.0, 0.0, 0.0, -0.158808], [0.0, 0.0, 1.0, 4.66464], [0.0, 0.0, 0.0, 1.0]]}, "PLANT_POSITIONJ": {"matrix": [[0.0, -1.0, 0.0, 1.7850699999999995], [1.0, 0.0, 0.0, -0.158772], [0.0, 0.0, 1.0, 4.30958], [0.0, 0.0, 0.0, 1.0]]}, "PLANT_POSITIONK": {"matrix": [[0.0, -1.0, 0.0, 3.2984099999999996], [1.0, 0.0, 0.0, -0.158772], [0.0, 0.0, 1.0, 3.2984000000000004], [0.0, 0.0, 0.0, 1.0]]}, "PLANT_POSITIONL": {"matrix": [[0.0, -1.0, 0.0, 4.30955], [1.0, 0.0, 0.0, -0.158772], [0.0, 0.0, 1.0, 1.7850600000000005], [0.0, 0.0, 0.0, 1.0]]}, "PLANT_POSITIONM": {"matrix": [[0.0, -1.0, 0.0, 4.66464], [1.0, 0.0, 0.0, -0.158808], [0.0, 0.0, 1.0, 5.71253644517471e-16], [0.0, 0.0, 0.0, 1.0]]}, "PLANT_POSITIONN": {"matrix": [[0.0, -1.0, 0.0, 4.30958], [1.0, 0.0, 0.0, -0.158772], [0.0, 0.0, 1.0, -1.7850699999999995], [0.0, 0.0, 0.0, 1.0]]}, "PLANT_POSITIONO": {"matrix": [[0.0, -1.0, 0.0, 3.2984000000000004], [1.0, 0.0, 0.0, -0.158772], [0.0, 0.0, 1.0, -3.2984099999999996], [0.0, 0.0, 0.0, 1.0]]}, "PLANT_POSITIONP": {"matrix": [[0.0, -1.0, 0.0, 1.7850600000000005], [1.0, 0.0, 0.0, -0.158772], [0.0, 0.0, 1.0, -4.30955], [0.0, 0.0, 0.0, 1.0]]}}, "parts": ["BIOROOM"]}, "BUILDLIGHTS": {"snap_points": {"GENERIC0": {"matrix": [[0.0, -1.0, 0.0, 0.0], [-1.0, 0.0, 1.2246467991473532e-16, 0.0], [-1.2246467991473532e-16, 0.0, -1.0, 0.0], [0.0, 0.0, 0.0, 1.0]]}, "GENERIC45": {"matrix": [[-4.440892098500626e-16, -0.7071067811865476, 0.7071067811865476, 0.0], [-1.0000000000000002, 2.220446049250313e-16, -1.6653345369377353e-16, 0.0], [-1.6653345369377353e-16, -0.7071067811865476, -0.7071067811865479, 0.0], [0.0, 0.0, 0.0, 1.0]]}, "GENERIC90": {"matrix": [[0.0, 0.0, 1.0, 0.0], [-1.0, 0.0, 0.0, 0.0], [0.0, -1.0, 0.0, 0.0], [0.0, 0.0, 0.0, 1.0]]}, "GENERIC135": {"matrix": [[0.0, 0.7071067811865474, 0.7071067811865476, 0.0], [-1.0, 2.220446049250313e-16, -1.6653345369377343e-16, 0.0], [-1.6653345369377343e-16, -0.7071067811865476, 0.7071067811865475, 0.0], [0.0, 0.0, 0.0, 1.0]]}, "GENERIC180": {"matrix": [[0.0, 1.0, 1.2246467991473532e-16, 0.0], [-1.0, 0.0, -1.2246467991473532e-16, 0.0], [-1.2246467991473532e-16, -1.2246467991473532e-16, 1.0, 0.0], [0.0, 0.0, 0.0, 1.0]]}, "GENERIC225": {"matrix": [[-8.881784197001252e-16, 0.7071067811865477, -0.7071067811865476, 0.0], [-1.0, -6.661338147750939e-16, 4.440892098500627e-16, 0.0], [-1.6653345369377353e-16, 0.7071067811865475, 0.7071067811865476, 0.0], [0.0, 0.0, 0.0, 1.0]]}, "GENERIC270": {"matrix": [[-6.661338147750939e-16, 5.551115123125783e-17, -0.9999999999999999, 0.0], [-1.0, 0.0, 7.216449660063518e-16, 0.0], [-1.1102230246251565e-16, 1.0, 1.1102230246251565e-16, 0.0], [0.0, 0.0, 0.0, 1.0]]}, "GENERIC315": {"matrix": [[-2.220446049250313e-16, -0.7071067811865474, -0.7071067811865477, 0.0], [-1.0, 2.220446049250313e-16, 3.3306690738754686e-16, 0.0], [-1.1102230246251563e-16, 0.7071067811865477, -0.707106781186547, 0.0], [0.0, 0.0, 0.0, 1.0]]}, "POWER_A": {"matrix": [[1.0, 0.0, 0.0, 0.0], [0.0, 1.0, 0.0, 0.423811], [0.0, 0.0, 1.0, 0.281727], [0.0, 0.0, 0.0, 1.0]]}}, "parts": ["BUILDLIGHT3", "BUILDLIGHT", "BUILDLIGHT2"]}, "BYTE_BEAT": {"snap_points": {"POWER_B": {"matrix": [[1.0, 0.0, 0.0, 0.1964000016450882], [0.0, 1.0, 0.0, 1.0896999835968018], [0.0, 0.0, 1.0, -0.46889999508857727], [0.0, 0.0, 0.0, 1.0]]}, "POWER_A": {"matrix": [[1.0, 0.0, 0.0, 0.1995], [0.0, 1.0, 0.0, 0.2101], [0.0, 0.0, 1.0, -0.5819], [0.0, 0.0, 0.0, 1.0]]}, "RIGHT": {"matrix": [[-1.0, 1.2246467991473532e-16, 1.4997597826618576e-32, -0.76], [1.2246467991473532e-16, 1.0, 1.2246467991473532e-16, 0.0], [0.0, 1.2246467991473532e-16, -1.0, 0.0], [0.0, 0.0, 0.0, 1.0]], "opposite": "LEFT"}, "LEFT": {"matrix": [[1.0, 0.0, 0.0, 0.76], [0.0, 1.0, 0.0, 0.0], [0.0, 0.0, 1.0, 0.0], [0.0, 0.0, 0.0, 1.0]], "opposite": "RIGHT"}}, "parts": ["BYTEBEAT"]}, "BYTE_BEAT_SWITCH": {"snap_points": {"POWER_A": {"matrix": [[1.0, 0.0, 0.0, -0.5696], [0.0, 1.0, 0.0, 0.38], [0.0, 0.0, 1.0, 0.0], [0.0, 0.0, 0.0, 1.0]]}, "POWER_B": {"matrix": [[1.0, 0.0, 0.0, 0.4675], [0.0, 1.0, 0.0, 0.5532], [0.0, 0.0, 1.0, 0.1754], [0.0, 0.0, 0.0, 1.0]]}, "POWER_C": {"matrix": [[1.0, 0.0, 0.0, 0.581451], [0.0, 1.0, 0.0, 0.205778], [0.0, 0.0, 1.0, -0.170086], [0.0, 0.0, 0.0, 1.0]]}}, "parts": ["BYTEBEATSWITCH"]}, "CONTAINERS": {"snap_points": {"BOTTOM": {"matrix": [[8.459899447643693e-14, 1.0000000000000002, 1.224646799147457e-16, 6.43013654251203e-13], [-1.0000000000000002, 8.459899447643693e-14, -1.2246467991472497e-16, 0.0], [-1.2246467991473535e-16, -1.2246467991473532e-16, 1.0, 0.0], [0.0, 0.0, 0.0, 1.0]], "opposite": "TOP"}, "TOP": {"matrix": [[-1.170175067954915e-13, -1.0, 0.0, 1.2884580159302773e-13], [1.0, -1.170175067954915e-13, 0.0, 4.0], [0.0, 0.0, 1.0, 0.0], [0.0, 0.0, 0.0, 1.0]], "opposite": "BOTTOM"}, "NORTH": {"matrix": [[2.220446049250313e-16, 0.0, 1.0000000000000002, -5.25580304229029e-16], [0.0, 1.0, 0.0, 2.000000000000001], [-1.0000000000000002, 0.0, 2.220446049250313e-16, -2.0], [0.0, 0.0, 0.0, 1.0]], "opposite": "SOUTH"}, "EAST": {"matrix": [[1.0, 1.2246467991473532e-16, 1.2246467991473532e-16, 2.0], [-1.2246467991473532e-16, 1.0, 1.2246467991473532e-16, 2.0], [-1.2246467991473532e-16, -1.2246467991473532e-16, 1.0, 4.930380657631325e-32], [0.0, 0.0, 0.0, 1.0]], "opposite": "WEST"}, "WEST": {"matrix": [[-1.0, 1.2246467991473532e-16, 1.4997597826618576e-32, -2.0], [1.2246467991473532e-16, 1.0, 1.2246467991473532e-16, 2.0], [0.0, 1.2246467991473532e-16, -1.0, 0.0], [0.0, 0.0, 0.0, 1.0]], "opposite": "EAST"}, "SOUTH": {"matrix": [[-2.220446049250313e-16, 2.4492935982947064e-16, -1.0, 0.0], [4.930380657631324e-32, 1.0, 2.4492935982947064e-16, 2.000000000000001], [1.0, 0.0, -2.220446049250313e-16, 2.0], [0.0, 0.0, 0.0, 1.0]], "opposite": "NORTH"}, "POWER_A": {"matrix": [[1.0, 0.0, 0.0, 6.43307108438712e-13], [0.0, 1.0, 0.0, 0.6622], [0.0, 0.0, 1.0, 2.3778], [0.0, 0.0, 0.0, 1.0]], "opposite": "TOP"}}, "parts": ["CONTAINER9", "CONTAINER8", "CONTAINER7", "CONTAINER6", "CONTAINER5", "CONTAINER4", "CONTAINER3", "CONTAINER2", "CONTAINER1", "CONTAINER0"]}, "CORRIDORS": {"snap_points": {"START": {"matrix": [[-1.0, 0.0, -1.2246467991473532e-16, -2.0], [0.0, 1.0, 0.0, 1.665], [1.2246467991473532e-16, 0.0, -1.0, 0.0], [0.0, 0.0, 0.0, 1.0]], "opposite": "END"}, "END": {"matrix": [[1.0, 0.0, 0.0, 2.0], [0.0, 1.0, 0.0, 1.665], [0.0, 0.0, 1.0, 0.0], [0.0, 0.0, 0.0, 1.0]], "opposite": "START"}}, "parts": ["CORRIDOR", "CORRIDOR_WATER", "GLASSCORRIDOR"]}, "CORRIDOR_CORNER": {"snap_points": {"START": {"matrix": [[0.0, 0.0, -1.0, -2.0], [0.0, 1.0, 0.0, 1.665], [1.0, 0.0, 0.0, 4.0], [0.0, 0.0, 0.0, 1.0]], "opposite": "END"}, "END": {"matrix": [[1.0, 0.0, 0.0, 4.0], [0.0, 1.0, 0.0, 1.665], [0.0, 0.0, 1.0, -2.0], [0.0, 0.0, 0.0, 1.0]], "opposite": "START"}}, "parts": ["CORRIDORC"]}, "CORRIDOR_L": {"snap_points": {"START": {"matrix": [[0.0, 0.0, 1.0, 7.438494264988557e-17], [0.0, 1.0, 0.0, 1.665], [-1.0, 0.0, 0.0, -2.0000000000000004], [0.0, 0.0, 0.0, 1.0]], "opposite": "END"}, "END": {"matrix": [[-1.0, 0.0, -1.2246467991473532e-16, -2.0], [0.0, 1.0, 0.0, 1.6649999999999998], [1.2246467991473532e-16, 0.0, -1.0, 0.0], [0.0, 0.0, 0.0, 1.0]], "opposite": "START"}}, "parts": ["CORRIDORL", "CORRIDORL_WATER", "CORRIDORL_WATER"]}, "CORRIDOR_RAMPS": {"snap_points": {"START": {"matrix": [[0.0, 0.0, 1.0, -2.2823433895105074e-16], [0.0, 1.0, 0.0, 0.0], [-1.0, 0.0, 0.0, -1.0], [0.0, 0.0, 0.0, 1.0]], "opposite": "END"}, "END": {"matrix": [[0.0, 0.0, -1.0, 2.265567204214089e-16], [0.0, 1.0, 0.0, 0.0], [1.0, 0.0, 0.0, 1.0], [0.0, 0.0, 0.0, 1.0]], "opposite": "START"}}, "parts": ["BUILDRAMP"]}, "CORRIDOR_T": {"snap_points": {"MID": {"matrix": [[-1.0, 0.0, -1.2246467991473532e-16, -2.0], [0.0, 1.0, 0.0, 1.665], [1.2246467991473532e-16, 0.0, -1.0, 0.0], [0.0, 0.0, 0.0, 1.0]], "opposite": "END"}, "END": {"matrix": [[0.0, 0.0, -1.0, 0.0], [0.0, 1.0, 0.0, 1.665], [1.0, 0.0, 0.0, 2.0], [0.0, 0.0, 0.0, 1.0]], "opposite": "START"}, "START": {"matrix": [[0.0, 0.0, 1.0, 0.0], [0.0, 1.0, 0.0, 1.665], [-1.0, 0.0, 0.0, -2.0], [0.0, 0.0, 0.0, 1.0]], "opposite": "END"}}, "parts": ["CORRIDORT", "CORRIDORT_WATER"]}, "CORRIDOR_V": {"snap_points": {"START": {"matrix": [[0.0, -1.0, 0.0, 0.0], [-1.0, 0.0, -1.2246467991473532e-16, 0.0], [1.2246467991473532e-16, 0.0, -1.0, 0.0], [0.0, 0.0, 0.0, 1.0]], "opposite": "END"}, "END": {"matrix": [[0.0, -1.0, 0.0, 9.232919305303728e-16], [1.0, 0.0, 0.0, 4.0], [0.0, 0.0, 1.0, 0.0], [0.0, 0.0, 0.0, 1.0]], "opposite": "START"}}, "parts": ["CORRIDORV_WATER", "CORRIDORV_WATER"]}, "CORRIDOR_X": {"snap_points": {"RIGHT": {"matrix": [[-1.0, 0.0, -1.2246467991473532e-16, -2.0], [0.0, 1.0, 0.0, 1.665], [1.2246467991473532e-16, 0.0, -1.0, 0.0], [0.0, 0.0, 0.0, 1.0]], "opposite": "LEFT"}, "END": {"matrix": [[0.0, 0.0, -1.0, 0.0], [0.0, 1.0, 0.0, 1.665], [1.0, 0.0, 0.0, 2.0], [0.0, 0.0, 0.0, 1.0]], "opposite": "START"}, "START": {"matrix": [[0.0, 0.0, 1.0, 0.0], [0.0, 1.0, 0.0, 1.665], [-1.0, 0.0, 0.0, -2.0], [0.0, 0.0, 0.0, 1.0]], "opposite": "END"}, "LEFT": {"matrix": [[1.0, 0.0, 0.0, 2.0], [0.0, 1.0, 0.0, 1.665], [0.0, 0.0, 1.0, 0.0], [0.0, 0.0, 0.0, 1.0]], "opposite": "RIGHT"}}, "parts": ["CORRIDORX", "CORRIDORX_WATER"]}, "CUBES": {"snap_points": {"BOTTOM": {"matrix": [[-2.220446049250313e-16, 1.0, 0.0, 6.43013654251203e-13], [-1.0, -2.220446049250313e-16, 0.0, 0.0], [0.0, 0.0, 1.0, 0.0], [0.0, 0.0, 0.0, 1.0]], "opposite": "TOP"}, "TOP": {"matrix": [[0.0, -1.0, 0.0, 1.2884580159302773e-13], [1.0, 0.0, 0.0, 4.0], [0.0, 0.0, 1.0, 0.0], [0.0, 0.0, 0.0, 1.0]], "opposite": "BOTTOM"}, "NORTH": {"matrix": [[0.0, 0.0, 1.0, -5.25580304229029e-16], [0.0, 1.0, 0.0, 2.000000000000001], [-1.0, 0.0, 0.0, -2.0], [0.0, 0.0, 0.0, 1.0]], "opposite": "SOUTH"}, "EAST": {"matrix": [[1.0, 0.0, 0.0, 2.0], [0.0, 1.0, 0.0, 2.0], [0.0, 0.0, 1.0, 4.930380657631325e-32], [0.0, 0.0, 0.0, 1.0]], "opposite": "WEST"}, "WEST": {"matrix": [[-1.0, 0.0, 1.2246467991473532e-16, -2.0], [0.0, 1.0, 0.0, 2.0], [-1.2246467991473532e-16, 0.0, -1.0, 0.0], [0.0, 0.0, 0.0, 1.0]], "opposite": "EAST"}, "SOUTH": {"matrix": [[-2.220446049250313e-16, 0.0, -1.0, 0.0], [0.0, 1.0, 0.0, 2.000000000000001], [1.0, 0.0, -2.220446049250313e-16, 2.0], [0.0, 0.0, 0.0, 1.0]], "opposite": "NORTH"}, "POWER_C": {"matrix": [[0.0, 0.0, 1.0, -2.7111], [0.0, 1.0, 0.0, 0.4838], [-1.0, 0.0, 0.0, 0.0], [0.0, 0.0, 0.0, 1.0]]}, "POWER_A": {"matrix": [[0.0, 0.0, 1.0, 2.711], [0.0, 1.0, 0.0, 0.4838], [-1.0, 0.0, 0.0, 0.0], [0.0, 0.0, 0.0, 1.0]]}, "POWER_B": {"matrix": [[0.0, 0.0, 1.0, 0.0], [0.0, 1.0, 0.0, 0.4838], [-1.0, 0.0, 0.0, 2.711], [0.0, 0.0, 0.0, 1.0]]}, "POWER_D": {"matrix": [[0.0, 0.0, 1.0, 0.0], [0.0, 1.0, 0.0, 0.4838], [-1.0, 0.0, 0.0, -2.711], [0.0, 0.0, 0.0, 1.0]]}}, "parts": ["CUBEROOM", "CUBESOLID", "CUBESOLID", "CUBEFRAME", "CUBEGLASS", "CURVEDCUBEROOF"]}, "CUBEWINDOWS": {"snap_points": {"ATTACH": {"matrix": [[2.220446049250313e-16, 0.0, 1.0000000000000002, -7.676211198530019e-16], [0.0, 1.0, 0.0, 2.000000000000001], [-1.0000000000000002, 0.0, 2.220446049250313e-16, 0.0], [0.0, 0.0, 0.0, 1.0]], "opposite": "SOUTH"}}, "parts": ["CUBEWINDOWOVAL", "CUBEWINDOWSMALL", "BUILDTERMINAL", "CUBEWINDOW"]}, "CUBE_CURVED": {"snap_points": {"SOUTH0": {"matrix": [[2.220446049250313e-16, 2.986159789035703e-15, 1.0, 0.0], [5.9164567891575885e-31, -1.0, 2.986159789035703e-15, 2.000000000000001], [1.0, 0.0, -2.220446049250313e-16, 2.0], [0.0, 0.0, 0.0, 1.0]], "opposite": "WEST0"}, "SOUTH90": {"matrix": [[0.0, 1.0, 3.4805491821998664e-14, 0.0], [-5.551115123125784e-17, -3.4861002973229915e-14, 1.0, 2.000000000000001], [1.0, -5.551115123125784e-17, 0.0, 2.0], [0.0, 0.0, 0.0, 1.0]], "opposite": "WEST90"}, "SOUTH180": {"matrix": [[2.220446049250313e-16, -2.8636951091209676e-15, -1.0, 0.0], [3.944304526105059e-31, 1.0, -2.8636951091209676e-15, 2.000000000000001], [1.0, 0.0, 2.220446049250313e-16, 2.0], [0.0, 0.0, 0.0, 1.0]], "opposite": "WEST180"}, "SOUTH270": {"matrix": [[3.3306690738754696e-16, -0.9999999999999998, 2.7755575615628906e-15, 0.0], [0.0, -2.6645352591003757e-15, -0.9999999999999998, 2.000000000000001], [0.9999999999999998, 1.6653345369377343e-16, 2.220446049250313e-16, 2.0], [0.0, 0.0, 0.0, 1.0]], "opposite": "WEST270"}, "WEST0": {"matrix": [[-1.0, -1.2246467991473532e-16, 0.0, -2.0], [1.2246467991473532e-16, -1.0, 0.0, 2.0], [0.0, 0.0, 1.0, 0.0], [0.0, 0.0, 0.0, 1.0]], "opposite": "SOUTH0"}, "WEST90": {"matrix": [[-1.0, 0.0, 1.2246467991473532e-16, -2.0], [1.2246467991473532e-16, 0.0, 1.0, 2.0], [0.0, 1.0, 0.0, 0.0], [0.0, 0.0, 0.0, 1.0]], "opposite": "SOUTH90"}, "WEST180": {"matrix": [[-1.0, 1.2246467991473532e-16, 1.4997597826618576e-32, -2.0], [1.2246467991473532e-16, 1.0, 1.2246467991473532e-16, 2.0], [0.0, 1.2246467991473532e-16, -1.0, 0.0], [0.0, 0.0, 0.0, 1.0]], "opposite": "SOUTH180"}, "WEST270": {"matrix": [[-1.0, 2.465190328815662e-32, -1.2246467991473532e-16, -2.0], [1.2246467991473532e-16, 2.220446049250313e-16, -1.0, 2.0], [0.0, -1.0, -2.220446049250313e-16, 0.0], [0.0, 0.0, 0.0, 1.0]], "opposite": "SOUTH270"}, "TOP0": {"matrix": [[-1.170175067954915e-13, -1.0, 0.0, 1.2884580159302773e-13], [1.0, -1.170175067954915e-13, 0.0, 4.0], [0.0, 0.0, 1.0, 0.0], [0.0, 0.0, 0.0, 1.0]], "opposite": "BOTTOM0"}, "TOP90": {"matrix": [[-1.163513729807164e-13, 0.0, 1.0, 1.2884580159302773e-13], [1.0, 0.0, 1.162403506782539e-13, 4.0], [0.0, 1.0, 0.0, 0.0], [0.0, 0.0, 0.0, 1.0]], "opposite": "BOTTOM90"}, "TOP180": {"matrix": [[-1.163513729807164e-13, 1.0, 1.2246467991473532e-16, 1.2884580159302773e-13], [1.0, 1.163513729807164e-13, 1.4248800100554526e-29, 4.0], [0.0, 1.2246467991473532e-16, -1.0, 0.0], [0.0, 0.0, 0.0, 1.0]], "opposite": "BOTTOM180"}, "TOP270": {"matrix": [[-1.163513729807164e-13, 5.551115123125783e-17, -1.0, 1.2884580159302773e-13], [1.0, 0.0, -1.163513729807164e-13, 4.0], [-5.551115123125783e-17, -1.0, 0.0, 0.0], [0.0, 0.0, 0.0, 1.0]], "opposite": "BOTTOM270"}, "BOTTOM0": {"matrix": [[8.459899447643693e-14, -1.0000000000000002, -1.0378451284313937e-29, 6.43013654251203e-13], [-1.0000000000000002, -8.482103908136196e-14, 1.2246467991473535e-16, 0.0], [-1.2246467991473535e-16, -1.232595164407831e-32, -1.0, 0.0], [0.0, 0.0, 0.0, 1.0]], "opposite": "TOP0"}, "BOTTOM90": {"matrix": [[8.504308368628699e-14, -1.110223024625156e-16, 1.0, 6.43013654251203e-13], [-1.0, 2.220446049250313e-16, 8.493206138382444e-14, 0.0], [-1.110223024625156e-16, -1.0, 0.0, 0.0], [0.0, 0.0, 0.0, 1.0]], "opposite": "TOP90"}, "BOTTOM180": {"matrix": [[8.459899447643693e-14, 1.0000000000000002, 1.224646799147457e-16, 6.43013654251203e-13], [-1.0000000000000002, 8.459899447643693e-14, -1.2246467991472497e-16, 0.0], [-1.2246467991473535e-16, -1.2246467991473532e-16, 1.0, 0.0], [0.0, 0.0, 0.0, 1.0]], "opposite": "TOP180"}, "BOTTOM270": {"matrix": [[8.493206138382448e-14, 2.775557561562891e-16, -0.9999999999999998, 6.43013654251203e-13], [-1.0, 0.0, -8.48765502325932e-14, 0.0], [-1.1102230246251563e-16, 1.0, 3.3306690738754696e-16, 0.0], [0.0, 0.0, 0.0, 1.0]], "opposite": "TOP270"}}, "parts": ["CUBEROOMCURVED"]}, "CUBE_FLOORS": {"snap_points": {"NORTH": {"matrix": [[0.0, 0.0, 1.0, 0.0], [0.0, 1.0, 0.0, 0.0], [-1.0, 0.0, 0.0, -2.0], [0.0, 0.0, 0.0, 1.0]], "opposite": "SOUTH"}, "EAST": {"matrix": [[1.0, 0.0, 0.0, 2.0], [0.0, 1.0, 0.0, 0.0], [0.0, 0.0, 1.0, 0.0], [0.0, 0.0, 0.0, 1.0]], "opposite": "WEST"}, "SOUTH": {"matrix": [[0.0, 0.0, -1.0, 0.0], [0.0, 1.0, 0.0, 0.0], [1.0, 0.0, 0.0, 2.0], [0.0, 0.0, 0.0, 1.0]], "opposite": "NORTH"}, "WEST": {"matrix": [[-1.0, 0.0, 1.2246467991473532e-16, -2.0], [0.0, 1.0, 0.0, 0.0], [-1.2246467991473532e-16, 0.0, -1.0, 0.0], [0.0, 0.0, 0.0, 1.0]], "opposite": "EAST"}}, "parts": ["CUBEFLOOR"]}, "CUBE_ROOF": {"snap_points": {"BOTTOM0": {"matrix": [[-2.220446049250313e-16, 1.0, 0.0, 6.43013654251203e-13], [-1.0, -2.220446049250313e-16, 0.0, 0.0], [0.0, 0.0, 1.0, 0.0], [0.0, 0.0, 0.0, 1.0]], "opposite": "NORTH"}, "BOTTOM90": {"matrix": [[-2.220446049250313e-16, 0.0, -1.0, 6.43013654251203e-13], [-1.0, 0.0, 2.2204460492503126e-16, 0.0], [0.0, 1.0, 0.0, 0.0], [0.0, 0.0, 0.0, 1.0]], "opposite": "NORTH"}, "BOTTOM180": {"matrix": [[-2.220446049250313e-16, -1.0, -1.2246467991473532e-16, 6.43013654251203e-13], [-1.0, 2.220446049250313e-16, 2.465190328815662e-32, 0.0], [0.0, 1.2246467991473532e-16, -1.0, 0.0], [0.0, 0.0, 0.0, 1.0]], "opposite": "NORTH"}, "BOTTOM270": {"matrix": [[-2.220446049250313e-16, -2.220446049250313e-16, 1.0, 6.43013654251203e-13], [-1.0, 0.0, -2.220446049250313e-16, 0.0], [0.0, -1.0, -2.220446049250313e-16, 0.0], [0.0, 0.0, 0.0, 1.0]], "opposite": "NORTH"}, "NORTH": {"matrix": [[0.0, 0.0, 1.0, -5.25580304229029e-16], [0.0, 1.0, 0.0, 2.000000000000001], [-1.0, 0.0, 0.0, -2.0], [0.0, 0.0, 0.0, 1.0]], "opposite": "BOTTOM0"}, "EAST": {"matrix": [[1.0, 0.0, 0.0, 2.0], [0.0, 1.0, 0.0, 2.0], [0.0, 0.0, 1.0, 4.930380657631325e-32], [0.0, 0.0, 0.0, 1.0]], "opposite": "WEST"}, "WEST": {"matrix": [[-1.0, 0.0, 1.2246467991473532e-16, -2.0], [0.0, 1.0, 0.0, 2.0], [-1.2246467991473532e-16, 0.0, -1.0, 0.0], [0.0, 0.0, 0.0, 1.0]], "opposite": "EAST"}, "POWER_C": {"matrix": [[0.0, 0.0, 1.0, -2.7111], [0.0, 1.0, 0.0, 0.4838], [-1.0, 0.0, 0.0, 0.0], [0.0, 0.0, 0.0, 1.0]]}, "POWER_A": {"matrix": [[0.0, 0.0, 1.0, 2.711], [0.0, 1.0, 0.0, 0.4838], [-1.0, 0.0, 0.0, 0.0], [0.0, 0.0, 0.0, 1.0]]}, "POWER_B": {"matrix": [[0.0, 0.0, 1.0, 0.0], [0.0, 1.0, 0.0, 0.4838], [-1.0, 0.0, 0.0, 2.711], [0.0, 0.0, 0.0, 1.0]]}, "POWER_D": {"matrix": [[0.0, 0.0, 1.0, 0.0], [0.0, 1.0, 0.0, 0.4838], [-1.0, 0.0, 0.0, -2.711], [0.0, 0.0, 0.0, 1.0]]}}, "parts": ["CURVEDCUBEROOF"]}, "CUBE_SHAPE": {"snap_points": {"BOTTOM": {"matrix": [[8.459899447643693e-14, 1.0000000000000002, 1.224646799147457e-16, 6.43013654251203e-13], [-1.0000000000000002, 8.459899447643693e-14, -1.2246467991472497e-16, 0.0], [-1.2246467991473535e-16, -1.2246467991473532e-16, 1.0, 0.0], [0.0, 0.0, 0.0, 1.0]], "opposite": "TOP"}, "TOP": {"matrix": [[-1.170175067954915e-13, -1.0, 0.0, 1.2884580159302773e-13], [1.0, -1.170175067954915e-13, 0.0, 2.0], [0.0, 0.0, 1.0, 0.0], [0.0, 0.0, 0.0, 1.0]], "opposite": "BOTTOM"}, "NORTH": {"matrix": [[0.0, -1.0, 5.706546346573303e-14, -5.25580304229029e-16], [0.0, 5.706546346573305e-14, 1.0, 1.0], [-1.0, 0.0, 0.0, -1.0], [0.0, 0.0, 0.0, 1.0]], "opposite": "SOUTH"}, "EAST": {"matrix": [[1.0, -1.2246467991473537e-16, 1.2246467991473527e-16, 1.0], [-1.2246467991473532e-16, -4.440892098500626e-16, 1.0000000000000002, 1.0], [-1.2246467991473532e-16, -1.0000000000000002, -4.440892098500626e-16, 4.930380657631325e-32], [0.0, 0.0, 0.0, 1.0]], "opposite": "WEST"}, "WEST": {"matrix": [[-1.0, -1.2246467991473532e-16, 0.0, -1.0], [1.2246467991473532e-16, -1.0, 0.0, 1.0], [0.0, 0.0, 1.0, 0.0], [0.0, 0.0, 0.0, 1.0]], "opposite": "EAST"}, "SOUTH": {"matrix": [[2.220446049250313e-16, 2.986159789035703e-15, 1.0, 0.0], [5.9164567891575885e-31, -1.0, 2.986159789035703e-15, 1.0], [1.0, 0.0, -2.220446049250313e-16, 1.0], [0.0, 0.0, 0.0, 1.0]], "opposite": "NORTH"}}, "parts": ["CUBESHAPE"]}, "CUBE_STAIRS": {"snap_points": {"NORTH": {"matrix": [[0.0, 0.0, 1.0, 3.268582306924286e-16], [0.0, 1.0, 0.0, 4.0], [-1.0, 0.0, 0.0, -2.0], [0.0, 0.0, 0.0, 1.0]], "opposite": "SOUTH"}, "EAST": {"matrix": [[1.0, 0.0, 0.0, 1.5], [0.0, 1.0, 0.0, 1.5342177137312576], [0.0, 0.0, 1.0, 2.609338679609819e-16], [0.0, 0.0, 0.0, 1.0]], "opposite": "WEST"}, "SOUTH": {"matrix": [[0.0, 0.0, -1.0, 1.6355734038883524e-15], [0.0, 1.0, 0.0, 0.0], [1.0, 0.0, 0.0, 2.0], [0.0, 0.0, 0.0, 1.0]], "opposite": "NORTH"}, "WEST": {"matrix": [[-1.0, 0.0, 1.2246467991473532e-16, -1.5], [0.0, 1.0, 0.0, 1.5342177137312576], [-1.2246467991473532e-16, 0.0, -1.0, -3.927825934238753e-16], [0.0, 0.0, 0.0, 1.0]], "opposite": "EAST"}, "NORTH_Q1": {"matrix": [[0.0, 0.0, 1.0, -1.3349999999999997], [0.0, 1.0, 0.0, 4.0], [-1.0, 0.0, 0.0, -2.0], [0.0, 0.0, 0.0, 1.0]], "opposite": "SOUTH"}, "NORTH_Q2": {"matrix": [[0.0, 0.0, 1.0, 1.3350000000000002], [0.0, 1.0, 0.0, 4.0], [-1.0, 0.0, 0.0, -2.0], [0.0, 0.0, 0.0, 1.0]], "opposite": "SOUTH"}, "SOUTH_Q1": {"matrix": [[0.0, 0.0, -1.0, -1.3350000000000002], [0.0, 1.0, 0.0, 0.0], [1.0, 0.0, 0.0, 2.0], [0.0, 0.0, 0.0, 1.0]], "opposite": "NORTH"}, "SOUTH_Q2": {"matrix": [[0.0, 0.0, -1.0, 1.3349999999999997], [0.0, 1.0, 0.0, 0.0], [1.0, 0.0, 0.0, 2.0], [0.0, 0.0, 0.0, 1.0]], "opposite": "NORTH"}, "NORTH_Q1_IN": {"matrix": [[0.0, 0.0, -1.0, -1.3349999999999997], [0.0, 1.0, 0.0, 4.0], [1.0, 0.0, 0.0, -2.0], [0.0, 0.0, 0.0, 1.0]], "opposite": "SOUTH"}, "NORTH_Q2_IN": {"matrix": [[0.0, 0.0, -1.0, 1.3350000000000002], [0.0, 1.0, 0.0, 4.0], [1.0, 0.0, 0.0, -2.0], [0.0, 0.0, 0.0, 1.0]], "opposite": "SOUTH"}, "SOUTH_Q1_IN": {"matrix": [[0.0, 0.0, 1.0, -1.3350000000000002], [0.0, 1.0, 0.0, 0.0], [-1.0, 0.0, 0.0, 2.0], [0.0, 0.0, 0.0, 1.0]], "opposite": "NORTH"}, "SOUTH_Q2_IN": {"matrix": [[0.0, 0.0, 1.0, 1.3349999999999997], [0.0, 1.0, 0.0, 0.0], [-1.0, 0.0, 0.0, 2.0], [0.0, 0.0, 0.0, 1.0]], "opposite": "NORTH"}, "NORTH_IN": {"matrix": [[0.0, 0.0, -1.0, 3.268582306924286e-16], [0.0, 1.0, 0.0, 4.0], [1.0, 0.0, 0.0, -2.0], [0.0, 0.0, 0.0, 1.0]], "opposite": "SOUTH"}, "SOUTH_IN": {"matrix": [[0.0, 0.0, 1.0, 1.6355734038883524e-15], [0.0, 1.0, 0.0, 0.0], [-1.0, 0.0, 0.0, 2.0], [0.0, 0.0, 0.0, 1.0]], "opposite": "NORTH"}}, "parts": ["CUBESTAIRS"]}, "CURVED_PIPES": {"snap_points": {"TOP0": {"matrix": [[-1.0, -1.2246467991473532e-16, 0.0, -1.0], [1.2246467991473532e-16, -1.0, 0.0, 1.0], [0.0, 0.0, 1.0, 0.0], [0.0, 0.0, 0.0, 1.0]], "opposite": "BOTTOM0"}, "TOP45": {"matrix": [[-1.0, -8.659560562354932e-17, 8.659560562354933e-17, -1.0], [1.224646799147353e-16, -0.7071067811865475, 0.7071067811865476, 1.0], [6.162975822039155e-33, 0.7071067811865476, 0.7071067811865475, 0.0], [0.0, 0.0, 0.0, 1.0]], "opposite": "BOTTOM45"}, "TOP90": {"matrix": [[-1.0, 0.0, 1.2246467991473532e-16, -1.0], [1.2246467991473532e-16, 0.0, 1.0, 1.0], [0.0, 1.0, 0.0, 0.0], [0.0, 0.0, 0.0, 1.0]], "opposite": "BOTTOM90"}, "TOP135": {"matrix": [[-1.0, 8.65956056235493e-17, 8.659560562354934e-17, -1.0], [1.2246467991473532e-16, 0.7071067811865475, 0.7071067811865477, 1.0], [0.0, 0.7071067811865477, -0.7071067811865475, 0.0], [0.0, 0.0, 0.0, 1.0]], "opposite": "BOTTOM135"}, "TOP180": {"matrix": [[-1.0, 1.2246467991473532e-16, 1.4997597826618576e-32, -1.0], [1.2246467991473532e-16, 1.0, 1.2246467991473532e-16, 1.0], [0.0, 1.2246467991473532e-16, -1.0, 0.0], [0.0, 0.0, 0.0, 1.0]], "opposite": "BOTTOM180"}, "TOP225": {"matrix": [[-1.0, 8.659560562354933e-17, -8.659560562354932e-17, -1.0], [1.224646799147353e-16, 0.7071067811865476, -0.7071067811865475, 1.0], [0.0, -0.7071067811865475, -0.7071067811865475, 0.0], [0.0, 0.0, 0.0, 1.0]], "opposite": "BOTTOM225"}, "TOP270": {"matrix": [[-1.0, 2.465190328815662e-32, -1.2246467991473532e-16, -1.0], [1.2246467991473532e-16, 2.220446049250313e-16, -1.0, 1.0], [0.0, -1.0, -2.220446049250313e-16, 0.0], [0.0, 0.0, 0.0, 1.0]], "opposite": "BOTTOM270"}, "TOP315": {"matrix": [[-1.0, -8.65956056235493e-17, -8.659560562354935e-17, -1.0], [1.2246467991473532e-16, -0.7071067811865475, -0.7071067811865477, 1.0], [0.0, -0.7071067811865477, 0.7071067811865474, 0.0], [0.0, 0.0, 0.0, 1.0]], "opposite": "BOTTOM315"}, "BOTTOM0": {"matrix": [[0.0, -1.0, 1.2246467991473532e-16, 0.0], [-1.0, 0.0, 0.0, 0.0], [0.0, -1.2246467991473532e-16, -1.0, 0.0], [0.0, 0.0, 0.0, 1.0]], "opposite": "TOP0"}, "BOTTOM45": {"matrix": [[0.0, -0.7071067811865474, 0.7071067811865476, 0.0], [-1.0, 0.0, 0.0, 0.0], [0.0, -0.7071067811865476, -0.7071067811865472, 0.0], [0.0, 0.0, 0.0, 1.0]], "opposite": "TOP45"}, "BOTTOM90": {"matrix": [[0.0, 0.0, 1.0, 0.0], [-1.0, 0.0, 0.0, 0.0], [0.0, -1.0, 0.0, 0.0], [0.0, 0.0, 0.0, 1.0]], "opposite": "TOP90"}, "BOTTOM135": {"matrix": [[0.0, 0.7071067811865476, 0.7071067811865476, 0.0], [-1.0, 0.0, 0.0, 0.0], [0.0, -0.7071067811865476, 0.7071067811865475, 0.0], [0.0, 0.0, 0.0, 1.0]], "opposite": "TOP135"}, "BOTTOM180": {"matrix": [[0.0, 1.0, 0.0, 0.0], [-1.0, 0.0, 0.0, 0.0], [0.0, 0.0, 1.0, 0.0], [0.0, 0.0, 0.0, 1.0]], "opposite": "TOP180"}, "BOTTOM225": {"matrix": [[0.0, 0.7071067811865476, -0.7071067811865476, 0.0], [-1.0, 0.0, 0.0, 0.0], [0.0, 0.7071067811865476, 0.7071067811865475, 0.0], [0.0, 0.0, 0.0, 1.0]], "opposite": "TOP225"}, "BOTTOM270": {"matrix": [[0.0, 0.0, -1.0, 0.0], [-1.0, 0.0, 0.0, 0.0], [0.0, 1.0, 0.0, 0.0], [0.0, 0.0, 0.0, 1.0]], "opposite": "TOP270"}, "BOTTOM315": {"matrix": [[0.0, -0.7071067811865474, -0.7071067811865476, 0.0], [-1.0, 0.0, 0.0, 0.0], [0.0, 0.7071067811865476, -0.7071067811865472, 0.0], [0.0, 0.0, 0.0, 1.0]], "opposite": "TOP315"}}, "parts": ["CURVEPIPESHAPE"]}, "DECALS": {"snap_points": {"GENERIC": {"matrix": [[0.0, -1.0, 0.0, 0.0], [-1.0, 0.0, 1.2246467991473532e-16, 0.0], [-1.2246467991473532e-16, 0.0, -1.0, 0.0], [0.0, 0.0, 0.0, 1.0]]}}, "parts": ["BUILDDECALNMS", "BUILDDECALNUM0", "BUILDDECALNUM1", "BUILDDECALNUM2", "BUILDDECALNUM3", "BUILDDECALNUM4", "BUILDDECALNUM5", "BUILDDECALNUM6", "BUILDDECALNUM7", "BUILDDECALNUM8", "BUILDDECALNUM9", "BUILDDECALSIMP3", "BUILDDECALSIMP4", "BUILDDECAL2", "BUILDDECALSIMP2", "BUILDDECALVIS1", "BUILDDECALVIS2", "BUILDDECALVIS3", "BUILDDECALSIMP1", "BUILDDECALVIS4", "BUILDDECALVIS5", "BUILDDECAL", "SPEC_DECAL01", "SPEC_DECAL02", "SPEC_DECAL03", "SPEC_DECAL04", "SPEC_DECAL06", "SPEC_DECAL07", "SPEC_DECAL08", "SPEC_DECAL05", "S_POSTER0", "S_POSTER0", "S_POSTER1", "S_POSTER1", "S_POSTER2", "S_POSTER2", "S_POSTER3", "S_POSTER3", "S_POSTER4", "S_POSTER4", "S_POSTER5", "S_POSTER5", "S_POSTER6", "S_POSTER6", "S_POSTER7", "S_POSTER7", "S_POSTER8", "S_POSTER8", "S_POSTER9", "S_POSTER9", "S_POSTER10", "S_POSTER10", "S_POSTER11", "S_POSTER11", "S_POSTER12", "S_POSTER12", "S_POSTER13", "S_POSTER13", "S_POSTER14", "S_POSTER14", "S_POSTER15", "S_POSTER15", "S_POSTER16", "S_POSTER16", "DECAL_CAFE", "DECAL_UFT", "DECAL_AGT", "DECAL_QIT", "DECAL_AMINO", "DECAL_BIOME3", "DECAL_CPLANET1", "DECAL_UWTREAS", "DECAL_GALCORE", "DECAL_STARTSHIP", "DECAL_NEXUSM", "EXPD_DECAL01", "EXPD_DECAL02", "EXPD_DECAL03"]}, "DIAGONAL_WALLS": {"snap_points": {"EAST": {"matrix": [[0.999986102459863, 0.0, 0.005272085652996796, 2.67], [0.005272085652996796, 0.0, -0.9999861024598629, 1.665], [0.0, 1.0, 0.0, 0.0], [0.0, 0.0, 0.0, 1.0]], "opposite": "BOTTOM"}, "EAST_IN": {"matrix": [[0.0, 0.9999861024598631, 0.00527208565299786, 2.67], [0.0, 0.005272085652997749, -0.9999861024598631, 1.665], [-1.0, 0.0, 0.0, 0.0], [0.0, 0.0, 0.0, 1.0]], "opposite": "BOTTOM"}, "EAST_OUT": {"matrix": [[0.0, -0.999986102459863, 0.005272085652996195, 2.67], [0.0, -0.005272085652996195, -0.999986102459863, 1.665], [1.0, 0.0, 0.0, 0.0], [0.0, 0.0, 0.0, 1.0]], "opposite": "BOTTOM"}, "BOTTOM": {"matrix": [[0.0, 7.771561172376096e-16, -1.0, 0.0], [-1.0, 0.0, 0.0, 0.0], [0.0, 1.0, 6.661338147750939e-16, 3.923293477016353e-16], [0.0, 0.0, 0.0, 1.0]], "opposite": "EAST"}, "BOTTOM_IN": {"matrix": [[0.0, -2.355138688025662e-15, 1.0, 0.0], [0.0, 1.0, 2.355138688025662e-15, 0.0], [-1.0, 0.0, 0.0, 3.923293477016353e-16], [0.0, 0.0, 0.0, 1.0]], "opposite": "EAST"}, "BOTTOM_OUT": {"matrix": [[4.440892098500626e-16, 0.0, -1.0, 0.0], [0.0, 1.0, 0.0, 0.0], [1.0, 0.0, 4.440892098500626e-16, 3.923293477016353e-16], [0.0, 0.0, 0.0, 1.0]], "opposite": "EAST"}, "BOTTOM_FLIP": {"matrix": [[0.0, -2.2204460492503126e-16, 1.0, 0.0], [-1.0, 0.0, 0.0, 0.0], [0.0, -1.0, -2.220446049250313e-16, 3.923293477016353e-16], [0.0, 0.0, 0.0, 1.0]], "opposite": "EAST"}, "EAST_FLIP": {"matrix": [[0.999986102459863, 8.673617379884035e-19, -0.005272085652996796, 2.67], [0.005272085652996796, -2.220446049250313e-16, 0.999986102459863, 1.665], [0.0, -1.0, -2.220446049250313e-16, 0.0], [0.0, 0.0, 0.0, 1.0]], "opposite": "BOTTOM"}}, "parts": ["W_WALLDIAGONAL", "C_WALLDIAGONAL", "M_WALLDIAGONAL", "F_WALLDIAGONAL", "S_WALLDIAGONAL", "T_WALLDIAGONAL", "T_WALLDIAGONAL"]}, "DOORS": {"snap_points": {"RAMP0": {"matrix": [[0.0, 0.0, -1.0, 1.8595837111578978e-16], [0.0, 1.0, 0.0, 0.37492544374518344], [1.0, 0.0, 0.0, 0.8171612891953568], [0.0, 0.0, 0.0, 1.0]], "opposite": "START"}, "RAMP10": {"matrix": [[3.3306690738754696e-16, 2.137179322403426e-15, -0.9999999999999998, 1.8595837111578978e-16], [-0.17364817766693047, 0.984807753012208, 2.081668171172168e-15, 0.37492544374518344], [0.9848077530122079, 0.17364817766693047, 6.661338147750939e-16, 0.8171612891953568], [0.0, 0.0, 0.0, 1.0]], "opposite": "START"}, "RAMP20": {"matrix": [[-2.220446049250313e-16, 1.9428902930940236e-15, -1.0, 1.8595837111578978e-16], [-0.3420201433256689, 0.9396926207859083, 1.8873791418627657e-15, 0.37492544374518344], [0.9396926207859084, 0.3420201433256689, 4.440892098500626e-16, 0.8171612891953568], [0.0, 0.0, 0.0, 1.0]], "opposite": "START"}, "RAMP30": {"matrix": [[-2.220446049250313e-16, 2.0261570199409107e-15, -1.0000000000000002, 1.8595837111578978e-16], [-0.5000000000000002, 0.8660254037844386, 1.8041124150158794e-15, 0.37492544374518344], [0.8660254037844387, 0.5000000000000002, 7.771561172376096e-16, 0.8171612891953568], [0.0, 0.0, 0.0, 1.0]], "opposite": "START"}, "RAMP40": {"matrix": [[0.0, 2.1094237467877974e-15, -1.0, 1.8595837111578978e-16], [-0.6427876096865394, 0.766044443118978, 1.5543122344752192e-15, 0.37492544374518344], [0.7660444431189781, 0.6427876096865394, 1.3322676295501878e-15, 0.8171612891953568], [0.0, 0.0, 0.0, 1.0]], "opposite": "START"}, "CORRIDOR": {"matrix": [[-2.220446049250313e-16, 0.0, 1.0, 0.0], [0.0, 1.0, 0.0, 1.74998], [-1.0, 0.0, -2.220446049250313e-16, 0.0], [0.0, 0.0, 0.0, 1.0]]}, "POWER_A": {"matrix": [[1.0, 0.0, 0.0, 1.1048], [0.0, 1.0, 0.0, 0.7957], [0.0, 0.0, 1.0, 0.6284], [0.0, 0.0, 0.0, 1.0]]}, "POWER_B": {"matrix": [[1.0, 0.0, 0.0, -1.105], [0.0, 1.0, 0.0, 0.7957], [0.0, 0.0, 1.0, 0.6284], [0.0, 0.0, 0.0, 1.0]]}}, "parts": ["DOOR2", "BUILDDOOR", "BUILDDOOR_WATER"]}, "ELECTROMAGNETIC": {"snap_points": {"POWER_A": {"matrix": [[1.0, 0.0, 0.0, -1.1769], [0.0, 1.0, 0.0, 0.3227], [0.0, 0.0, 1.0, 0.0], [0.0, 0.0, 0.0, 1.0]]}, "POWER_B": {"matrix": [[1.0, 0.0, 0.0, 0.0], [0.0, 1.0, 0.0, 0.3227], [0.0, 0.0, 1.0, 1.1769], [0.0, 0.0, 0.0, 1.0]]}, "POWER_C": {"matrix": [[1.0, 0.0, 0.0, 1.1769], [0.0, 1.0, 0.0, 0.3227], [0.0, 0.0, 1.0, 0.0], [0.0, 0.0, 0.0, 1.0]]}, "POWER_D": {"matrix": [[1.0, 0.0, 0.0, 0.0], [0.0, 1.0, 0.0, 0.3227], [0.0, 0.0, 1.0, -1.1769], [0.0, 0.0, 0.0, 1.0]]}}, "parts": ["U_GENERATOR_S"]}, "EXO": {"snap_points": {}, "parts": ["SUMMON_GARAGE", "GARAGE_M", "GARAGE_S", "GARAGE_L", "GARAGE_SUB", "RACE_RAMP", "GARAGE_B", "GARAGE_MECH"]}, "EXP_ROOMFLOOR": {"snap_points": {"NORTH": {"matrix": [[0.0, 0.0, 1.0, 0.0], [0.0, 1.0, 0.0, 0.0], [-1.0, 0.0, 0.0, -2.0], [0.0, 0.0, 0.0, 1.0]], "opposite": "SOUTH"}, "EAST": {"matrix": [[1.0, 0.0, 0.0, 2.0], [0.0, 1.0, 0.0, 0.0], [0.0, 0.0, 1.0, 0.0], [0.0, 0.0, 0.0, 1.0]], "opposite": "WEST"}, "SOUTH": {"matrix": [[0.0, 0.0, -1.0, 0.0], [0.0, 1.0, 0.0, 0.0], [1.0, 0.0, 0.0, 2.0], [0.0, 0.0, 0.0, 1.0]], "opposite": "NORTH"}, "WEST": {"matrix": [[-1.0, 0.0, 1.2246467991473532e-16, -2.0], [0.0, 1.0, 0.0, 0.0], [-1.2246467991473532e-16, 0.0, -1.0, 0.0], [0.0, 0.0, 0.0, 1.0]], "opposite": "EAST"}, "NORTH_UP": {"matrix": [[-2.220446049250313e-16, 0.0, 1.0, 0.0], [1.0, 0.0, 2.2204460492503126e-16, 0.0], [0.0, 1.0, 0.0, -2.0], [0.0, 0.0, 0.0, 1.0]]}, "EAST_UP": {"matrix": [[0.0, -1.0, 1.2246467991473532e-16, 2.0], [1.0, 0.0, -1.2246467991473532e-16, 0.0], [1.2246467991473532e-16, 1.2246467991473532e-16, 1.0, 0.0], [0.0, 0.0, 0.0, 1.0]]}, "SOUTH_UP": {"matrix": [[0.0, 0.0, -1.0, 0.0], [1.0, 0.0, 0.0, 0.0], [0.0, -1.0, 0.0, 2.0], [0.0, 0.0, 0.0, 1.0]]}, "WEST_UP": {"matrix": [[0.0, 1.0, 0.0, -2.0], [1.0, 0.0, -1.2246467991473532e-16, 0.0], [-1.2246467991473532e-16, 0.0, -1.0, 0.0], [0.0, 0.0, 0.0, 1.0]]}, "NORTH_Q1": {"matrix": [[0.0, 0.0, 1.0, -1.335], [0.0, 1.0, 0.0, 0.0], [-1.0, 0.0, 0.0, -2.0], [0.0, 0.0, 0.0, 1.0]], "opposite": "SOUTH_Q1"}, "NORTH_Q2": {"matrix": [[0.0, 0.0, 1.0, 1.335], [0.0, 1.0, 0.0, 0.0], [-1.0, 0.0, 0.0, -2.0], [0.0, 0.0, 0.0, 1.0]], "opposite": "SOUTH_Q2"}, "EAST_Q1": {"matrix": [[1.0, 0.0, 0.0, 2.0], [0.0, 1.0, 0.0, 0.0], [0.0, 0.0, 1.0, -1.335], [0.0, 0.0, 0.0, 1.0]], "opposite": "WEST_Q1"}, "EAST_Q2": {"matrix": [[1.0, 0.0, 0.0, 2.0], [0.0, 1.0, 0.0, 0.0], [0.0, 0.0, 1.0, 1.335], [0.0, 0.0, 0.0, 1.0]], "opposite": "WEST_Q2"}, "SOUTH_Q1": {"matrix": [[0.0, 0.0, -1.0, 1.335], [0.0, 1.0, 0.0, 0.0], [1.0, 0.0, 0.0, 2.0], [0.0, 0.0, 0.0, 1.0]], "opposite": "NORTH_Q1"}, "SOUTH_Q2": {"matrix": [[0.0, 0.0, -1.0, -1.335], [0.0, 1.0, 0.0, 0.0], [1.0, 0.0, 0.0, 2.0], [0.0, 0.0, 0.0, 1.0]], "opposite": "NORTH_Q2"}, "WEST_Q1": {"matrix": [[-1.0, 0.0, 1.2246467991473532e-16, -2.0], [0.0, 1.0, 0.0, 0.0], [-1.2246467991473532e-16, 0.0, -1.0, 1.335], [0.0, 0.0, 0.0, 1.0]], "opposite": "EAST_Q1"}, "WEST_Q2": {"matrix": [[-1.0, 0.0, 1.2246467991473532e-16, -2.0], [0.0, 1.0, 0.0, 0.0], [-1.2246467991473532e-16, 0.0, -1.0, -1.335], [0.0, 0.0, 0.0, 1.0]], "opposite": "EAST_Q2"}, "NORTH_UP_Q1": {"matrix": [[0.0, -2.2204460492503126e-16, 1.0, -1.335], [1.0, 0.0, 0.0, 0.0], [0.0, 1.0, 2.220446049250313e-16, -2.0], [0.0, 0.0, 0.0, 1.0]], "opposite": "SOUTH_UP_Q1"}, "NORTH_UP_Q2": {"matrix": [[0.0, -2.2204460492503126e-16, 1.0, 1.335], [1.0, 0.0, 0.0, 0.0], [0.0, 1.0, 2.220446049250313e-16, -2.0], [0.0, 0.0, 0.0, 1.0]], "opposite": "SOUTH_UP_Q2"}, "EAST_UP_Q1": {"matrix": [[2.220446049250313e-16, -1.0000000000000002, 0.0, 2.0], [1.0000000000000002, 2.220446049250313e-16, 0.0, 0.0], [0.0, 0.0, 1.0, -1.335], [0.0, 0.0, 0.0, 1.0]], "opposite": "WEST_UP_Q1"}, "EAST_UP_Q2": {"matrix": [[2.220446049250313e-16, -1.0000000000000002, 0.0, 2.0], [1.0000000000000002, 2.220446049250313e-16, 0.0, 0.0], [0.0, 0.0, 1.0, 1.335], [0.0, 0.0, 0.0, 1.0]], "opposite": "WEST_UP_Q2"}, "SOUTH_UP_Q1": {"matrix": [[0.0, -2.2204460492503126e-16, -1.0, 1.335], [1.0, 0.0, 0.0, 0.0], [0.0, -1.0, 2.220446049250313e-16, 2.0], [0.0, 0.0, 0.0, 1.0]], "opposite": "NORTH_UP_Q1"}, "SOUTH_UP_Q2": {"matrix": [[0.0, -2.2204460492503126e-16, -1.0, -1.335], [1.0, 0.0, 0.0, 0.0], [0.0, -1.0, 2.220446049250313e-16, 2.0], [0.0, 0.0, 0.0, 1.0]], "opposite": "NORTH_UP_Q2"}, "WEST_UP_Q1": {"matrix": [[2.220446049250313e-16, 1.0, -2.465190328815662e-32, -2.0], [1.0, -2.220446049250313e-16, -1.2246467991473532e-16, 0.0], [-1.2246467991473532e-16, 0.0, -1.0, 1.335], [0.0, 0.0, 0.0, 1.0]], "opposite": "EAST_UP_Q1"}, "WEST_UP_Q2": {"matrix": [[2.220446049250313e-16, 1.0, -2.465190328815662e-32, -2.0], [1.0, -2.220446049250313e-16, -1.2246467991473532e-16, 0.0], [-1.2246467991473532e-16, 0.0, -1.0, -1.335], [0.0, 0.0, 0.0, 1.0]], "opposite": "EAST_UP_Q2"}, "GENERIC": {"matrix": [[0.0, -1.0, 0.0, 5.763871202522532e-17], [1.0, 0.0, 0.0, 0.2595816819989202], [0.0, 0.0, 1.0, 0.0], [0.0, 0.0, 0.0, 1.0]], "opposite": ""}}, "parts": ["ROOMFLOOR"]}, "EXP_WALL": {"snap_points": {"WEST": {"matrix": [[-1.0, 0.0, 1.2246467991473532e-16, -2.0], [1.2246467991473532e-16, 0.0, 1.0, 0.5], [0.0, 1.0, 0.0, 0.0], [0.0, 0.0, 0.0, 1.0]], "opposite": "EAST"}, "EAST": {"matrix": [[0.999986102459863, 0.0, 0.005272085652996796, 2.0], [0.005272085652996796, 0.0, -0.9999861024598629, 0.5], [0.0, 1.0, 0.0, 5.694647396678384e-16], [0.0, 0.0, 0.0, 1.0]], "opposite": "WEST"}, "TOP": {"matrix": [[0.0, -7.771561172376096e-16, 1.0, 0.0], [1.0, 0.0, 0.0, 1.0], [0.0, 1.0, 6.661338147750939e-16, 3.923293477016353e-16], [0.0, 0.0, 0.0, 1.0]], "opposite": "BOTTOM"}, "BOTTOM": {"matrix": [[0.0, 7.771561172376096e-16, -1.0, 0.0], [-1.0, 0.0, 0.0, 0.0], [0.0, 1.0, 6.661338147750939e-16, 3.923293477016353e-16], [0.0, 0.0, 0.0, 1.0]], 