{"SHORT_WALLS": {"parts": ["W_WALL_Q", "M_WALL_Q", "C_WALL_Q", "F_WALL_Q1", "S_WALL_Q", "S_WALL_Q1", "T_WALL_Q1", "T_WALL_Q", "F_WALL_Q"], "snap_points": {"EAST_IN": {"matrix": [[0.0, 1.0000000000000002, 7.216449660063519e-16, 2.66895], [-5.551115123125784e-17, 5.551115123125783e-16, -1.0, 0.4195], [-1.0000000000000002, 1.1102230246251568e-16, 0.0, 0.0], [0.0, 0.0, 0.0, 1.0]], "opposite": "WEST"}, "TOP": {"matrix": [[0.0, -7.216449660063519e-16, 1.0000000000000002, 0.0], [1.0000000000000002, 0.0, -1.1102230246251568e-16, 0.8392230272293091], [-5.551115123125784e-17, 1.0, 5.551115123125783e-16, 3.923293477016353e-16], [0.0, 0.0, 0.0, 1.0]], "opposite": "BOTTOM"}, "TOP_Q2_IN": {"matrix": [[2.220446049250313e-16, 0.0, 1.0, 1.335], [0.0, 1.0, 0.0, 0.8392230272293091], [-1.0, 0.0, 2.220446049250313e-16, 1.2979547016271823e-17], [0.0, 0.0, 0.0, 1.0]], "opposite": "BOTTOM"}, "MIDDLE_IN": {"matrix": [[2.220446049250313e-16, 0.0, 1.0, 3.8435693724848687e-17], [0.0, 1.0, 0.0, 0.4195], [-1.0, 0.0, 2.220446049250313e-16, -0.15], [0.0, 0.0, 0.0, 1.0]]}, "BOTTOM_Q2": {"matrix": [[4.440892098500626e-16, 4.440892098500626e-16, -1.0, -1.335], [-1.0, 0.0, -4.440892098500626e-16, -7.402946399743017e-17], [0.0, 1.0, 4.440892098500626e-16, 8.365061316862152e-16], [0.0, 0.0, 0.0, 1.0]], "opposite": "TOP"}, "EAST_OUT": {"matrix": [[0.0, -1.0000000000000002, -7.216449660063519e-16, 2.66895], [5.551115123125784e-17, 5.551115123125783e-16, -1.0, 0.4195], [1.0000000000000002, 1.1102230246251568e-16, 0.0, 0.0], [0.0, 0.0, 0.0, 1.0]], "opposite": "WEST"}, "BOTTOM_Q1": {"matrix": [[4.440892098500626e-16, 4.440892098500626e-16, -1.0, 1.335], [-1.0, 0.0, -4.440892098500626e-16, -7.402946399743017e-17], [0.0, 1.0, 4.440892098500626e-16, 8.365061316862152e-16], [0.0, 0.0, 0.0, 1.0]], "opposite": "TOP"}, "WEST_OUT": {"matrix": [[0.0, 1.0000000000000002, 4.996003610813205e-16, -2.66895], [-5.551115123125784e-17, -6.661338147750939e-16, 1.0000000000000002, 0.4195], [1.0000000000000002, -5.551115123125784e-17, 0.0, 0.0], [0.0, 0.0, 0.0, 1.0]], "opposite": "EAST"}, "TOP180": {"matrix": [[2.220446049250313e-16, -2.220446049250313e-16, -1.0, 0.0], [1.0, 0.0, 2.220446049250313e-16, 0.8392230272293091], [0.0, -1.0, 2.220446049250313e-16, 3.923293477016353e-16], [0.0, 0.0, 0.0, 1.0]], "opposite": "BOTTOM"}, "BOTTOM": {"matrix": [[0.0, 7.216449660063519e-16, -1.0000000000000002, 0.0], [-1.0000000000000002, 0.0, -1.1102230246251568e-16, 0.0], [5.551115123125784e-17, 1.0, 5.551115123125783e-16, 3.923293477016353e-16], [0.0, 0.0, 0.0, 1.0]], "opposite": "TOP"}, "BOTTOM_Q2_OUT": {"matrix": [[2.220446049250313e-16, 0.0, -1.0, 1.335], [0.0, 1.0, 0.0, -7.402946399743017e-17], [1.0, 0.0, 2.220446049250313e-16, 8.365061316862152e-16], [0.0, 0.0, 0.0, 1.0]], "opposite": "TOP"}, "TOP_IN": {"matrix": [[2.220446049250313e-16, 0.0, 1.0, 0.0], [0.0, 1.0, 0.0, 0.8392230272293091], [-1.0, 0.0, 2.220446049250313e-16, 3.923293477016353e-16], [0.0, 0.0, 0.0, 1.0]], "opposite": "BOTTOM"}, "TOP_Q1_IN": {"matrix": [[2.220446049250313e-16, 0.0, 1.0, -1.335], [0.0, 1.0, 0.0, 0.8392230272293091], [-1.0, 0.0, 2.220446049250313e-16, 1.2979547016271823e-17], [0.0, 0.0, 0.0, 1.0]], "opposite": "BOTTOM"}, "BOTTOM_IN": {"matrix": [[2.220446049250313e-16, 0.0, 1.0, 0.0], [0.0, 1.0, 0.0, 0.0], [-1.0, 0.0, 2.220446049250313e-16, 3.923293477016353e-16], [0.0, 0.0, 0.0, 1.0]], "opposite": "TOP"}, "BOTTOM_Q2_IN": {"matrix": [[2.220446049250313e-16, 0.0, 1.0000000000000002, 1.335], [0.0, 1.0, 0.0, -7.402946399743017e-17], [-1.0000000000000002, 0.0, 2.220446049250313e-16, 8.365061316862152e-16], [0.0, 0.0, 0.0, 1.0]], "opposite": "TOP"}, "BOTTOM_OUT": {"matrix": [[4.440892098500626e-16, 0.0, -1.0, 0.0], [0.0, 1.0, 0.0, 0.0], [1.0, 0.0, 4.440892098500626e-16, 3.923293477016353e-16], [0.0, 0.0, 0.0, 1.0]], "opposite": "TOP"}, "TOP_Q1_OUT": {"matrix": [[7.771561172376096e-16, 0.0, -1.0, -1.335], [0.0, 1.0, 0.0, 0.8392230272293091], [1.0, 0.0, 7.771561172376096e-16, 1.2979547016271823e-17], [0.0, 0.0, 0.0, 1.0]], "opposite": "BOTTOM"}, "EAST": {"matrix": [[1.0, 0.0, 0.0, 2.66895], [0.0, 2.220446049250313e-16, -1.0, 0.4195], [0.0, 1.0, 2.220446049250313e-16, 0.0], [0.0, 0.0, 0.0, 1.0]], "opposite": "WEST"}, "TOP_Q2_OUT": {"matrix": [[7.771561172376096e-16, 0.0, -1.0, 1.335], [0.0, 1.0, 0.0, 0.8392230272293091], [1.0, 0.0, 7.771561172376096e-16, 1.2979547016271823e-17], [0.0, 0.0, 0.0, 1.0]], "opposite": "BOTTOM"}, "TOP_OUT": {"matrix": [[4.440892098500626e-16, 0.0, -1.0, 0.0], [0.0, 1.0, 0.0, 0.8392230272293091], [1.0, 0.0, 4.440892098500626e-16, 3.923293477016353e-16], [0.0, 0.0, 0.0, 1.0]], "opposite": "BOTTOM"}, "WEST_IN": {"matrix": [[2.220446049250313e-16, -1.0, -2.220446049250313e-16, -2.66895], [0.0, -2.220446049250313e-16, 1.0, 0.4195], [-1.0, -2.220446049250313e-16, 0.0, 0.0], [0.0, 0.0, 0.0, 1.0]], "opposite": "EAST"}, "BOTTOM_Q1_IN": {"matrix": [[2.220446049250313e-16, 0.0, 1.0000000000000002, -1.335], [0.0, 1.0, 0.0, -7.402946399743017e-17], [-1.0000000000000002, 0.0, 2.220446049250313e-16, 8.365061316862152e-16], [0.0, 0.0, 0.0, 1.0]], "opposite": "TOP"}, "GENERICA": {"matrix": [[2.220446049250313e-16, -1.0, 0.0, 5.763871202522532e-17], [1.0, 2.220446049250313e-16, 0.0, 0.2595816819989202], [0.0, 0.0, 1.0, 2.0], [0.0, 0.0, 0.0, 1.0]], "opposite": ""}, "TOP_Q1": {"matrix": [[0.0, -7.216449660063519e-16, 1.0000000000000002, -1.335], [1.0000000000000002, 0.0, -1.1102230246251568e-16, 0.8392230272293091], [-5.551115123125784e-17, 1.0, 5.551115123125783e-16, 1.2979547016271823e-17], [0.0, 0.0, 0.0, 1.0]], "opposite": "BOTTOM"}, "TOP_Q2": {"matrix": [[0.0, -7.216449660063519e-16, 1.0000000000000002, 1.335], [1.0000000000000002, 0.0, -1.1102230246251568e-16, 0.8392230272293091], [-5.551115123125784e-17, 1.0, 5.551115123125783e-16, 1.2979547016271823e-17], [0.0, 0.0, 0.0, 1.0]], "opposite": "BOTTOM"}, "BOTTOM_Q1_OUT": {"matrix": [[2.220446049250313e-16, 0.0, -1.0, -1.335], [0.0, 1.0, 0.0, -7.402946399743017e-17], [1.0, 0.0, 2.220446049250313e-16, 8.365061316862152e-16], [0.0, 0.0, 0.0, 1.0]], "opposite": "TOP"}, "WEST": {"matrix": [[-1.0, -2.465190328815662e-32, 1.2246467991473532e-16, -2.66895], [1.2246467991473532e-16, -2.220446049250313e-16, 1.0, 0.4195], [0.0, 1.0, 2.220446049250313e-16, 0.0], [0.0, 0.0, 0.0, 1.0]], "opposite": "EAST"}, "GENERICB": {"matrix": [[2.220446049250313e-16, 1.0000000000000002, 1.2246467991473535e-16, 5.763871202522532e-17], [1.0000000000000002, -4.440892098500626e-16, -3.697785493223493e-32, 0.2595816819989202], [-1.232595164407831e-32, 1.2246467991473535e-16, -1.0, -2.0], [0.0, 0.0, 0.0, 1.0]], "opposite": ""}}}, "TRI": {"parts": ["M_TRIFLOOR", "C_TRIFLOOR", "W_TRIFLOOR", "F_TRIFLOOR", "S_TRIFLOOR", "T_TRIFLOOR"], "snap_points": {"EAST_Q2": {"matrix": [[1.0, 0.0, 0.0, 1.54], [0.0, 1.0, 0.0, 0.0], [0.0, 0.0, 1.0, -1.335], [0.0, 0.0, 0.0, 1.0]], "opposite": "SOUTH"}, "EAST": {"matrix": [[1.0, 0.0, 0.0, 1.54], [0.0, 1.0, 0.0, 0.0], [0.0, 0.0, 1.0, 0.0], [0.0, 0.0, 0.0, 1.0]], "opposite": "SOUTH"}, "NORTH": {"matrix": [[-0.49999999999999933, 0.0, 0.866025403784439, -0.7697498983691973], [0.0, 1.0, 0.0, 0.0], [-0.866025403784439, 0.0, -0.49999999999999933, -1.33324593309643], [0.0, 0.0, 0.0, 1.0]], "opposite": "EAST"}, "SOUTH_UP": {"matrix": [[0.0, 0.49999999999999994, -0.8660254037844388, -0.7697501598042442], [1.0, -2.220446049250313e-16, 1.6653345369377348e-16, 0.0], [0.0, -0.8660254037844388, -0.5, 1.3332463859152115], [0.0, 0.0, 0.0, 1.0]], "opposite": "NORTH_UP"}, "EAST_Q1": {"matrix": [[1.0, 0.0, 0.0, 1.54], [0.0, 1.0, 0.0, 0.0], [0.0, 0.0, 1.0, 1.3347059241697963], [0.0, 0.0, 0.0, 1.0]], "opposite": "SOUTH"}, "SOUTH_Q1": {"matrix": [[-0.4999999999999998, 0.0, -0.8660254037844389, -1.9243346439090017], [0.0, 1.0, 0.0, 0.0], [0.8660254037844389, 0.0, -0.4999999999999998, 0.6666467232151649], [0.0, 0.0, 0.0, 1.0]], "opposite": "NORTH"}, "SOUTH_Q2": {"matrix": [[-0.4999999999999998, 0.0, -0.8660254037844389, 0.3824423038531741], [0.0, 1.0, 0.0, 0.0], [0.8660254037844389, 0.0, -0.4999999999999998, 1.9984650149660796], [0.0, 0.0, 0.0, 1.0]], "opposite": "NORTH"}, "EAST_UP_Q1": {"matrix": [[2.220446049250313e-16, -1.0, 0.0, 1.54], [1.0, 2.220446049250313e-16, 0.0, 0.0], [0.0, 0.0, 1.0, 1.3347059241697963], [0.0, 0.0, 0.0, 1.0]], "opposite": "SOUTH_UP"}, "EAST_UP": {"matrix": [[2.220446049250313e-16, -1.0, 0.0, 1.54], [1.0, 2.220446049250313e-16, 0.0, 0.0], [0.0, 0.0, 1.0, 0.0], [0.0, 0.0, 0.0, 1.0]], "opposite": "SOUTH_UP"}, "EAST_UP_Q2": {"matrix": [[2.220446049250313e-16, -1.0, 0.0, 1.54], [1.0, 2.220446049250313e-16, 0.0, 0.0], [0.0, 0.0, 1.0, -1.335], [0.0, 0.0, 0.0, 1.0]], "opposite": "SOUTH_UP"}, "NORTH_UP_Q2": {"matrix": [[0.0, 0.49999999999999994, 0.8660254037844388, -1.8748865083507127], [1.0, -2.220446049250313e-16, -1.6653345369377348e-16, 0.0], [0.0, 0.8660254037844388, -0.5, -0.695195013832292], [0.0, 0.0, 0.0, 1.0]], "opposite": "EAST_UP"}, "SOUTH_UP_Q1": {"matrix": [[0.0, 0.49999999999999994, -0.8660254037844388, -1.9243346439090008], [1.0, -2.220446049250313e-16, 1.6653345369377348e-16, 0.0], [0.0, -0.8660254037844388, -0.5, 0.6666467232151654], [0.0, 0.0, 0.0, 1.0]], "opposite": "NORTH_UP"}, "SOUTH_UP_Q2": {"matrix": [[0.0, 0.49999999999999994, -0.8660254037844388, 0.3824423038531739], [1.0, -2.220446049250313e-16, 1.6653345369377348e-16, 0.0], [0.0, -0.8660254037844388, -0.5, 1.9984650149660794], [0.0, 0.0, 0.0, 1.0]], "opposite": "NORTH_UP"}, "NORTH_UP_Q1": {"matrix": [[0.0, 0.49999999999999994, 0.8660254037844388, 0.3789193531876065], [1.0, -2.220446049250313e-16, -1.6653345369377348e-16, 0.0], [0.0, 0.8660254037844388, -0.5, -1.996430434692596], [0.0, 0.0, 0.0, 1.0]], "opposite": "EAST_UP"}, "NORTH_Q2": {"matrix": [[-0.49999999999999933, 0.0, 0.866025403784439, -1.8748865083507136], [0.0, 1.0, 0.0, 0.0], [-0.866025403784439, 0.0, -0.49999999999999933, -0.6951950138322915], [0.0, 0.0, 0.0, 1.0]], "opposite": "EAST"}, "NORTH_Q1": {"matrix": [[-0.49999999999999933, 0.0, 0.866025403784439, 0.3789193531876067], [0.0, 1.0, 0.0, 0.0], [-0.866025403784439, 0.0, -0.49999999999999933, -1.9964304346925963], [0.0, 0.0, 0.0, 1.0]], "opposite": "EAST"}, "NORTH_UP": {"matrix": [[0.0, 0.49999999999999994, 0.8660254037844388, -0.7697498983691973], [1.0, -2.220446049250313e-16, -1.6653345369377348e-16, 0.0], [0.0, 0.8660254037844388, -0.5, -1.33324593309643], [0.0, 0.0, 0.0, 1.0]], "opposite": "EAST"}, "SOUTH": {"matrix": [[-0.4999999999999998, 0.0, -0.8660254037844389, -0.7697501598042442], [0.0, 1.0, 0.0, 0.0], [0.8660254037844389, 0.0, -0.4999999999999998, 1.3332463859152115], [0.0, 0.0, 0.0, 1.0]], "opposite": "NORTH"}}}, "LOGIC2": {"parts": ["U_SWITCHBUTTON", "U_SWITCHPROX", "U_SWITCHWALL"], "snap_points": {"POWER_A": {"matrix": [[1.0, 0.0, 0.0, -0.3542], [0.0, 1.0, 0.0, 0.1448], [0.0, 0.0, 1.0, 0.0], [0.0, 0.0, 0.0, 1.0]]}, "POWER_B": {"matrix": [[1.0, 0.0, 0.0, 0.3542], [0.0, 1.0, 0.0, 0.1448], [0.0, 0.0, 1.0, 0.0], [0.0, 0.0, 0.0, 1.0]]}}}, "HALF_WALLS": {"parts": ["W_WALL_H", "C_WALL_H", "C_WALL_H", "M_WALL_H", "M_WALL_H", "W_DOOR_H", "C_DOOR_H", "M_DOOR_H", "W_ARCH_H", "M_ARCH_H", "C_ARCH_H", "F_WALL_H", "S_ARCH_H", "S_WALL_H", "S_DOOR_H", "T_ARCH_H", "T_WALL_H", "T_DOOR_H", "F_ARCHB_H", "F_ARCHM_H", "F_ARCHT_H", "F_DOORB0_H", "F_DOORM0_H", "F_DOORT0_H", "F_WALLB_H", "F_WALLM_H", "F_WALLT_H", "S_ARCHB_H", "S_ARCHM_H", "S_ARCHT_H", "S_DOORB0_H", "S_DOORM0_H", "S_DOORT0_H", "S_WALLB_H", "S_WALLM_H", "S_WALLT_H", "T_ARCHB_H", "T_ARCHM_H", "T_ARCHT_H", "T_DOORB0_H", "T_DOORM0_H", "T_DOORT0_H", "T_WALLB_H", "T_WALLM_H", "T_WALLT_H"], "snap_points": {"TOP_OUT": {"matrix": [[4.440892098500626e-16, 0.0, -1.0, 0.0], [0.0, 1.0, 0.0, 3.33], [1.0, 0.0, 4.440892098500626e-16, 3.923293477016353e-16], [0.0, 0.0, 0.0, 1.0]], "opposite": "BOTTOM"}, "TOP180": {"matrix": [[2.220446049250313e-16, -2.220446049250313e-16, -1.0, 0.0], [1.0, 0.0, 2.220446049250313e-16, 3.33], [0.0, -1.0, 2.220446049250313e-16, 3.923293477016353e-16], [0.0, 0.0, 0.0, 1.0]], "opposite": "BOTTOM"}, "EAST_IN": {"matrix": [[0.0, 0.9999861024598631, 0.005272085652997805, 1.335], [-5.551115123125784e-17, 0.005272085652997638, -0.9999861024598631, 1.665], [-1.0000000000000002, 1.6653345369377353e-16, 0.0, 0.0], [0.0, 0.0, 0.0, 1.0]], "opposite": "WEST"}, "BOTTOM": {"matrix": [[0.0, 7.216449660063519e-16, -1.0000000000000002, 0.0], [-1.0000000000000002, 0.0, -1.1102230246251568e-16, 0.0], [5.551115123125784e-17, 1.0, 5.551115123125783e-16, 3.923293477016353e-16], [0.0, 0.0, 0.0, 1.0]], "opposite": "TOP"}, "WEST": {"matrix": [[-1.0, -2.465190328815662e-32, 1.2246467991473532e-16, -1.335], [1.2246467991473532e-16, -2.220446049250313e-16, 1.0, 1.665], [0.0, 1.0, 2.220446049250313e-16, 0.0], [0.0, 0.0, 0.0, 1.0]], "opposite": "EAST"}, "TOP": {"matrix": [[0.0, -7.216449660063519e-16, 1.0000000000000002, 0.0], [1.0000000000000002, 0.0, -1.1102230246251568e-16, 3.33], [-5.551115123125784e-17, 1.0, 5.551115123125783e-16, 3.923293477016353e-16], [0.0, 0.0, 0.0, 1.0]], "opposite": "BOTTOM"}, "TOP_IN": {"matrix": [[0.0, -1.2560739669470201e-15, 1.0, 0.0], [1.5700924586837762e-16, 1.0, 1.2560739669470201e-15, 3.33], [-1.0, 1.5700924586837762e-16, 0.0, 3.923293477016353e-16], [0.0, 0.0, 0.0, 1.0]], "opposite": "BOTTOM"}, "BOTTOM_IN": {"matrix": [[0.0, -2.3551386880256627e-15, 1.0, 0.0], [-1.5700924586837762e-16, 1.0, 2.3551386880256627e-15, 0.0], [-1.0, -1.5700924586837762e-16, 0.0, 3.923293477016353e-16], [0.0, 0.0, 0.0, 1.0]], "opposite": "TOP"}, "BOTTOM_OUT": {"matrix": [[4.440892098500626e-16, 0.0, -1.0, 0.0], [0.0, 1.0, 0.0, 0.0], [1.0, 0.0, 4.440892098500626e-16, 3.923293477016353e-16], [0.0, 0.0, 0.0, 1.0]], "opposite": "TOP"}, "GENERICB": {"matrix": [[2.220446049250313e-16, 1.0000000000000002, 1.2246467991473535e-16, 5.763871202522532e-17], [1.0000000000000002, -4.440892098500626e-16, -3.697785493223493e-32, 0.2595816819989202], [-1.232595164407831e-32, 1.2246467991473535e-16, -1.0, -2.0], [0.0, 0.0, 0.0, 1.0]], "opposite": ""}, "EAST_OUT": {"matrix": [[2.220446049250313e-16, -0.9999861024598629, 0.005272085652996306, 1.335], [1.1102230246251565e-16, -0.005272085652996195, -0.9999861024598629, 1.665], [0.9999999999999999, 1.1102230246251565e-16, 2.220446049250313e-16, 0.0], [0.0, 0.0, 0.0, 1.0]], "opposite": "WEST"}, "GENERICA": {"matrix": [[2.220446049250313e-16, -1.0, 0.0, 5.763871202522532e-17], [1.0, 2.220446049250313e-16, 0.0, 0.2595816819989202], [0.0, 0.0, 1.0, 2.0], [0.0, 0.0, 0.0, 1.0]], "opposite": ""}, "EAST": {"matrix": [[0.999986102459863, -8.673617379884035e-19, 0.005272085652996796, 1.335], [0.005272085652996796, 1.1102230246251565e-16, -0.999986102459863, 1.665], [0.0, 1.0, 1.1102230246251565e-16, 0.0], [0.0, 0.0, 0.0, 1.0]], "opposite": "WEST"}, "WEST_OUT": {"matrix": [[0.0, 1.0, 4.440892098500626e-16, -1.335], [5.551115123125783e-17, -4.440892098500626e-16, 1.0, 1.665], [1.0, 5.551115123125783e-17, 0.0, 0.0], [0.0, 0.0, 0.0, 1.0]], "opposite": "EAST"}, "WEST_IN": {"matrix": [[-2.220446049250313e-16, -1.0, -2.7755575615628914e-16, -1.335], [-1.1102230246251565e-16, -4.440892098500626e-16, 1.0, 1.665], [-1.0000000000000002, 1.1102230246251565e-16, -2.220446049250313e-16, 0.0], [0.0, 0.0, 0.0, 1.0]], "opposite": "EAST"}}}, "DOORS": {"parts": ["BUILDDOOR", "DOOR2", "BUILDDOOR_WATER"], "snap_points": {"POWER_A": {"matrix": [[1.0, 0.0, 0.0, 1.1048], [0.0, 1.0, 0.0, 0.7957], [0.0, 0.0, 1.0, 0.6284], [0.0, 0.0, 0.0, 1.0]]}, "POWER_B": {"matrix": [[1.0, 0.0, 0.0, -1.105], [0.0, 1.0, 0.0, 0.7957], [0.0, 0.0, 1.0, 0.6284], [0.0, 0.0, 0.0, 1.0]]}, "RAMP20": {"matrix": [[0.0, 1.8596235662471376e-15, -1.0, 1.8595837111578978e-16], [-0.34202014332566893, 0.9396926207859083, 1.748601263784622e-15, 0.37492544374518344], [0.9396926207859084, 0.34202014332566893, 5.551115123125783e-16, 0.8171612891953568], [0.0, 0.0, 0.0, 1.0]], "opposite": "START"}, "RAMP0": {"matrix": [[2.220446049250313e-16, 0.0, -1.0, 1.8595837111578978e-16], [0.0, 1.0, 0.0, 0.37492544374518344], [1.0, 0.0, 2.220446049250313e-16, 0.8171612891953568], [0.0, 0.0, 0.0, 1.0]], "opposite": "START"}, "RAMP10": {"matrix": [[0.0, 1.9706458687096533e-15, -1.0, 1.8595837111578978e-16], [-0.17364817766693053, 0.984807753012208, 1.9428902930940243e-15, 0.37492544374518344], [0.9848077530122081, 0.17364817766693053, 2.220446049250313e-16, 0.8171612891953568], [0.0, 0.0, 0.0, 1.0]], "opposite": "START"}, "RAMP40": {"matrix": [[0.0, 1.9428902930940243e-15, -1.0000000000000002, 1.8595837111578978e-16], [-0.6427876096865394, 0.7660444431189779, 1.4988010832439617e-15, 0.37492544374518344], [0.7660444431189781, 0.6427876096865394, 1.1102230246251565e-15, 0.8171612891953568], [0.0, 0.0, 0.0, 1.0]], "opposite": "START"}, "CORRIDOR": {"matrix": [[0.0, -7.549790126404332e-08, 0.9999999999999973, 2.52162983741867e-08], [6.617444900424222e-24, 0.9999999999999971, 7.549790126404332e-08, 1.6660000085830706], [-1.0000000000000002, -6.617444900424222e-24, 0.0, 2.2102265399436993e-24], [0.0, 0.0, 0.0, 1.0]]}, "RAMP30": {"matrix": [[2.220446049250313e-16, 1.887379141862766e-15, -1.0, 1.8595837111578978e-16], [-0.5000000000000001, 0.8660254037844386, 1.609823385706477e-15, 0.37492544374518344], [0.8660254037844386, 0.5000000000000002, 1.1102230246251565e-15, 0.8171612891953568], [0.0, 0.0, 0.0, 1.0]], "opposite": "START"}}}, "WALLLIGHTS": {"parts": ["WALLLIGHTBLUE", "WALLLIGHTYELLOW", "WALLLIGHTWHITE", "WALLLIGHTPINK", "WALLLIGHTRED", "WALLLIGHTGREEN"], "snap_points": {"POWER_A": {"matrix": [[1.0, 0.0, 0.0, 0.0], [0.0, 1.0, 0.0, 0.0487], [0.0, 0.0, 1.0, -0.4438], [0.0, 0.0, 0.0, 1.0]]}}}, "FARM": {"parts": ["PLANTERMEGA", "PLANTER"], "snap_points": {"GENERIC322": {"matrix": [[-6.661338147750939e-16, 5.551115123125783e-17, -0.9999999999999999, 0.0], [-1.0, 0.0, 7.216449660063518e-16, 0.0], [-1.1102230246251565e-16, 1.0, 1.1102230246251565e-16, 0.0], [0.0, 0.0, 0.0, 1.0]]}, "GENERIC323": {"matrix": [[-2.220446049250313e-16, -0.7071067811865474, -0.7071067811865477, 0.0], [-1.0, 2.220446049250313e-16, 3.3306690738754686e-16, 0.0], [-1.1102230246251563e-16, 0.7071067811865477, -0.707106781186547, 0.0], [0.0, 0.0, 0.0, 1.0]]}, "GENERIC320": {"matrix": [[-2.220446049250313e-16, 1.0, 1.2246467991473527e-16, 0.0], [-1.0, -2.220446049250313e-16, -1.2246467991473535e-16, 0.0], [-1.2246467991473532e-16, -1.224646799147353e-16, 1.0, 0.0], [0.0, 0.0, 0.0, 1.0]]}, "GENERIC321": {"matrix": [[-8.881784197001252e-16, 0.7071067811865477, -0.7071067811865476, 0.0], [-1.0, -6.661338147750939e-16, 4.440892098500627e-16, 0.0], [-1.6653345369377353e-16, 0.7071067811865475, 0.7071067811865476, 0.0], [0.0, 0.0, 0.0, 1.0]]}, "PLANTA": {"matrix": [[2.220446049250313e-16, -1.0, 0.0, -1.0], [1.0, 2.220446049250313e-16, 0.0, 0.5], [0.0, 0.0, 1.0, 1.0], [0.0, 0.0, 0.0, 1.0]]}, "PLANTC": {"matrix": [[2.220446049250313e-16, -1.0, 0.0, 1.0], [1.0, 2.220446049250313e-16, 0.0, 0.5], [0.0, 0.0, 1.0, -1.0], [0.0, 0.0, 0.0, 1.0]]}, "PLANTB": {"matrix": [[2.220446049250313e-16, -1.0, 0.0, 1.0], [1.0, 2.220446049250313e-16, 0.0, 0.5], [0.0, 0.0, 1.0, 0.9999999999999999], [0.0, 0.0, 0.0, 1.0]]}, "GENERIC319": {"matrix": [[-2.220446049250313e-16, 0.7071067811865475, 0.7071067811865477, 0.0], [-1.0, 0.0, -2.7755575615628914e-16, 0.0], [-1.6653345369377348e-16, -0.7071067811865477, 0.7071067811865475, 0.0], [0.0, 0.0, 0.0, 1.0]]}, "GENERIC318": {"matrix": [[0.0, -1.1102230246251565e-16, 0.9999999999999999, 0.0], [-0.9999999999999999, 2.220446049250313e-16, -1.1102230246251565e-16, 0.0], [-1.1102230246251565e-16, -0.9999999999999999, 0.0, 0.0], [0.0, 0.0, 0.0, 1.0]]}, "PLANTD": {"matrix": [[2.220446049250313e-16, -1.0, 0.0, -1.0], [1.0, 2.220446049250313e-16, 0.0, 0.5], [0.0, 0.0, 1.0, -0.9999999999999999], [0.0, 0.0, 0.0, 1.0]]}, "GENERIC317": {"matrix": [[-4.440892098500626e-16, -0.7071067811865476, 0.7071067811865476, 0.0], [-1.0000000000000002, 2.220446049250313e-16, -1.6653345369377353e-16, 0.0], [-1.6653345369377353e-16, -0.7071067811865476, -0.7071067811865479, 0.0], [0.0, 0.0, 0.0, 1.0]]}, "GENERIC316": {"matrix": [[-2.220446049250313e-16, -1.0, 2.465190328815662e-32, 0.0], [-1.0, 2.220446049250313e-16, 1.2246467991473532e-16, 0.0], [-1.2246467991473532e-16, 0.0, -1.0, 0.0], [0.0, 0.0, 0.0, 1.0]]}}}, "ELECTROMAGNETIC": {"parts": ["U_GENERATOR_S"], "snap_points": {"POWER_D": {"matrix": [[1.0, 0.0, 0.0, 0.0], [0.0, 1.0, 0.0, 0.3227], [0.0, 0.0, 1.0, -1.1769], [0.0, 0.0, 0.0, 1.0]]}, "POWER_A": {"matrix": [[1.0, 0.0, 0.0, -1.1769], [0.0, 1.0, 0.0, 0.3227], [0.0, 0.0, 1.0, 0.0], [0.0, 0.0, 0.0, 1.0]]}, "POWER_C": {"matrix": [[1.0, 0.0, 0.0, 1.1769], [0.0, 1.0, 0.0, 0.3227], [0.0, 0.0, 1.0, 0.0], [0.0, 0.0, 0.0, 1.0]]}, "POWER_B": {"matrix": [[1.0, 0.0, 0.0, 0.0], [0.0, 1.0, 0.0, 0.3227], [0.0, 0.0, 1.0, 1.1769], [0.0, 0.0, 0.0, 1.0]]}}}, "CORRIDOR_RAMPS": {"parts": ["BUILDRAMP"], "snap_points": {"START": {"matrix": [[2.220446049250313e-16, 0.0, 1.0, -2.2823433895105074e-16], [0.0, 1.0, 0.0, 0.0], [-1.0, 0.0, 2.220446049250313e-16, -1.0], [0.0, 0.0, 0.0, 1.0]], "opposite": "END"}, "END": {"matrix": [[2.220446049250313e-16, 0.0, -1.0, 2.265567204214089e-16], [0.0, 1.0, 0.0, 0.0], [1.0, 0.0, 2.220446049250313e-16, 1.0], [0.0, 0.0, 0.0, 1.0]], "opposite": "START"}}}, "PROPS": {"parts": ["FLAG1", "FLAG2", "FLAG3", "FLAG4", "BUILDTABLE", "BUILDTABLE2", "BUILDWORKTOP", "CEILINGLIGHT", "CURVEDDESK", "LARGEDESK", "MONITORDESKsh", "ROBOTICARM", "ROOFMONITOR", "SHELFPANEL", "STATUE_ATLAS_G", "STATUE_BLOB_B", "STATUE_BLOB_G", "STATUE_BLOB_S", "STATUE_WALK_G", "WEAPONRACK", "BASE_TREE01", "BASE_TREE02", "BUILDCHAIR1", "BUILDCHAIR2", "BUILDCHAIR3", "BUILDLOCKER", "BUILDSIMPLEDESK", "BUILDSOFA", "BUILDSOFA2", "BUILDSOFA2L", "PLANTPOT", "PLANTPOT1", "PLANTPOT2", "PLANTPOT3", "BP_ANALYSER", "BUILD_REFINER1", "BUILD_REFINER2", "BUILD_REFINER3", "BUILDBEACON", "BUILDLANDINGPAD", "BUILDSAVE", "BUILDSIGNAL", "MESSAGEMODULE", "BASE_FLAG", "BASECAPSULE", "NPCSCIENCETERM", "BUILDLCRATE", "BUILDAMCRATE", "BUILDLIGHT3", "BUILDLIGHT1", "BUILDLIGHT2", "MOONPOOL", "CARBONPLANTER", "CORNERPOST", "BASE_BONEGARDEN", "STATUE_ASTRO_S", "STATUE_ASTRO_G", "STATUE_ASTRO_B", "BASE_WPLANT3", "BASE_BARNACLE", "BUILDFLATPANEL", "BUILDLIGHTTABLE", "BUILDSIDEPANEL", "STORAGEPANEL", "DRESSING_TABLE", "BUILDDECALSIMP2", "OCTACABINET", "FLOORMAT1", "BUILDCANRACK", "BUILDHCABINET", "TECHPANEL", "WALLFAN", "WALLFLAG3", "WALLFLAG2", "WALLFLAG1", "WALLSCREEN", "WALLSCREENB", "WALLSCREENB2", "DRAWS", "SERVERSTACK", "BED", "BASE_AQUARIUM", "SMALLLIGHT", "BUILDLABLAMP", "BASE_TREE03", "BASE_TERRARIUM", "BASE_MEDPLANT01", "BASE_MEDPLANT02", "BASE_MEDPLANT03", "NPCVEHICLETERM", "NPCFARMTERM", "NPCBUILDERTERM", "NPCWEAPONTERM", "MONITORDESK", "SHIELDSTATION", "HEALTHSTATION", "WATERBUBBLE", "O2_HARVESTER", "CRATELRARE", "CRATELCYLINDER", "BUILDTABLE3", "COOKER", "BASE_TOYCORE", "BASE_TOYCUBE", "BASE_TOYSPHERE", "CUBEROOF", "BUILDGASHARVEST", "BOXEDSCREEN", "BRIDGECONNECTOR", "AIRLCKCONNECTOR", "BUILDHARVESTER", "POWERLINE_HIDER", "BASE_HOTPLANT03", "BASE_HOTPLANT02", "BASE_HOTPLANT01", "BASE_TOXPLANT03", "BASE_TOXPLANT02", "BASE_TOXPLANT01", "BASE_RADPLANT03", "BASE_RADPLANT02", "BASE_RADPLANT01", "BASE_WEIRDCUBE", "BASE_WPLANT2", "BASE_WPLANT1", "BASE_SHELLWHITE", "BASE_STARJOINT", "BASE_SHARD", "BASE_ROCK01", "BASE_ROCK02", "BASE_ROCK03", "BASE_COLDPLANT1", "BASE_COLDPLANT2", "BASE_COLDPLANT3", "BASE_HYDROPOD", "BASE_ENGINEORB", "BASE_DUSTPLANT1", "BASE_DUSTPLANT2", "BASE_DUSTPLANT3", "BASE_ROBOTOY", "BASE_BUBBLECLUS", "BASE_CONTOURPOD", "BASE_BEAMSTONE", "BASE_MEDGEOMETR", "SPEC_FIREWORK01", "STATUE_ATLAS_S", "STATUE_ATLAS_B", "STATUE_DIP_G", "STATUE_DIP_S", "STATUE_DIP_B", "STATUE_SHIP_G", "STATUE_SHIP_S", "STATUE_SHIP_B", "STATUE_WALK_S", "STATUE_WALK_B", "STATUE_GEK_G", "STATUE_GEK_S", "STATUE_GEK_B", "LOCKER2", "ABAND_CRATE_L", "PLANTTUBE", "ABAND_CASE", "MEDTUBE", "ABAND_BENCH", "PALLET", "ABAND_BARREL", "FOOTLOCKER", "ABAND_CRATE_M", "ABAND_CRATE_XL", "HEATER", "FOORLIGHT", "ABAND_SHELF", "ABAND_TURRET", "S_WHEELBARROW", "BASE_NEXUS1", "BLD_FLYJAR1", "S_WATERTOWER", "S_WALLLIGHT0", "S_TRAY0", "S_STEPLADDER", "S_RUG1", "S_RUG0", "S_BARSTOOL0", "S_BUCKET_M", "S_BUCKET_S", "S_CUP0", "S_CEMENTBAG", "S_PAN0", "S_WATERVALVE0", "S_FENCE0", "S_FENCE1", "S_FENCE2", "S_FENCE3", "S_POT0", "S_CURTAIN0", "S_BURNER0", "S_CHAIR0", "S_WALLHANGING3", "S_WALLHANGING2", "S_WALLHANGING1", "S_TROUGH0", "S_TABLEPOT0", "S_TABLELAMP0", "S_STREETLAMP0", "S_SPARKPLUG", "S_SIGN_BAR0", "S_RSJSTACK", "S_CARRIAGEWHEEL", "S_FABROLL0", "S_FABROLLPILE0", "S_CRATE0", "S_CRATE1", "S_CRATE2", "S_CRATE3", "S_CRATE4", "S_CRATE3OPEN", "S_CRATE4OPEN", "S_MILKBOTTLE", "S_MILKCRATE", "S_CANISTER0", "S_CANISTER1", "S_BAR", "S_BAR_H", "S_BAR_C", "S_PALLET", "S_HANGLAMP0", "S_HANGLAMP1", "S_HANGLAMP2", "S_HANGLAMP3", "S_PLANTER_M", "S_SAIL0", "S_SAIL1", "S_SAIL2", "S_SAIL3", "S_DRAPE0", "S_BARTAPS0", "S_BARTABLE0", "S_BRICKSWRAPPED", "S_COMPOSTBIN", "S_BARREL1", "S_BARRIER", "S_FURNACE", "S_LIGHTSTRIP0", "S_LARGETRYE0", "S_GLOWGLOBE", "S_PALLET_BRICK", "S_SCAFFOLD_L", "S_SCAFFOLD_M", "S_SHELVINGUNIT0", "S_SHOVEL", "S_FLAG5", "S_FLAG6", "S_CARRIAGE", "S_SCISSORLIFT", "S_PUMP", "S_GAZEBO0", "S_MACHINE0", "S_EXCBUCKET", "S_CEMENTMIXER", "S_GENERATOR", "S_CANOPY_WALL0", "S_CANOPY_WALL1", "S_CANOPY_WALL2", "S_ANTENNA0", "S_ANTENNA1", "S_ANTENNA2", "S_ANTENNA3", "S_LANDINGZONE", "F_CHEV_WALL_H_C", "F_RAMP_Q_TOP", "S_CHEV_WALL_H_C", "S_WALL_SUPPORTS", "S_RAMP_Q_TOP", "T_CHEV_WALL_H_C", "T_RAMP_Q_TOP", "BLD_PLANET_HOLO", "BASE_NEXUS3", "BASE_NEXUS2", "BUILDANTIMATTER", "BASE_GRASS1", "BASE_GRASS2", "BASE_GRASS3", "BASE_GRASS4", "BASE_GRASS5", "BASE_GRASS6", "BASE_GRASS7", "BASE_CAVE1", "BASE_CAVE3", "BASE_CAVE2", "BASE_CAVE5", "BASE_CAVE4", "RACE_BOOSTER", "BUILDBED", "BASE_SWAMP2", "BASE_INFEST3", "BASE_INFEST2", "BASE_INFEST1", "BASE_LAVA2", "BASE_LAVA3", "BASE_LAVA1", "BLD_FIREPIT", "SPEC_FIREWORK02", "SPEC_FIREWORK03", "SPEC_FIREWORK04", "SPEC_FIREWORK05", "SPEC_FIREWORK06", "BUILDCHAIR4", "MESSAGE", "RACE_START", "CUBEINNERDOOR", "TURRET_ABAND", "BASE_HOUDINI1", "BASE_HOUDINI3", "EXPD_FLAG_06B", "EXPD_FLAG_06C", "EXPD_FLAG_06A", "EXPD_FLAG_06D", "EXPD_FLAG_06E", "SET_T_MONU", "SET_CONSTRUCT", "SET_F_MONU", "SET_F_MONU_FA", "SET_GROUNDDECAL", "SET_MAYORTERM", "SET_MONUMENT", "SET_MONUMENT_FA", "SET_S_TOWER", "SET_S_TOWER_FA", "SET_T_MONU_FA", "BLD_SKULL", "SPHERESHAPE", "BLD_MAPTUBE", "SLIME_MED", "CUBEWALL", "EXPD_FIREWORK03", "EXPD_FIREWORK02", "BASE_SWAMP3", "EXPD_FIREWORK01", "PLANTPOT4", "BLD_MINI_BIOFRI", "BLD_DATASIGN", "BASE_HOUDINI2", "EXPD_CUBE_06", "SPOOKY_PLANT", "CUBEFOUND", "CUBEFOUND4", "S_CRATE4OPEN1", "BLDWALLUNIT", "BLD_EXPD_BASE01", "WEDGESMALLSHAPE", "BUILDCHAIR", "PYRAMIDSHAPE", "BASE_TOYJELLY", "BLD_FLYJAR", "EXPD_FIREWORK04", "BASE_SWAMP1"], "snap_points": {"GENERIC270": {"matrix": [[-6.661338147750939e-16, 5.551115123125783e-17, -0.9999999999999999, 0.0], [-1.0, 0.0, 7.216449660063518e-16, 0.0], [-1.1102230246251565e-16, 1.0, 1.1102230246251565e-16, 0.0], [0.0, 0.0, 0.0, 1.0]]}, "GENERIC90": {"matrix": [[0.0, -1.1102230246251565e-16, 0.9999999999999999, 0.0], [-0.9999999999999999, 2.220446049250313e-16, -1.1102230246251565e-16, 0.0], [-1.1102230246251565e-16, -0.9999999999999999, 0.0, 0.0], [0.0, 0.0, 0.0, 1.0]]}, "GENERIC135": {"matrix": [[-2.220446049250313e-16, 0.7071067811865475, 0.7071067811865477, 0.0], [-1.0, 0.0, -2.7755575615628914e-16, 0.0], [-1.6653345369377348e-16, -0.7071067811865477, 0.7071067811865475, 0.0], [0.0, 0.0, 0.0, 1.0]]}, "GENERIC225": {"matrix": [[-8.881784197001252e-16, 0.7071067811865477, -0.7071067811865476, 0.0], [-1.0, -6.661338147750939e-16, 4.440892098500627e-16, 0.0], [-1.6653345369377353e-16, 0.7071067811865475, 0.7071067811865476, 0.0], [0.0, 0.0, 0.0, 1.0]]}, "GENERIC0": {"matrix": [[-2.220446049250313e-16, -1.0, 2.465190328815662e-32, 0.0], [-1.0, 2.220446049250313e-16, 1.2246467991473532e-16, 0.0], [-1.2246467991473532e-16, 0.0, -1.0, 0.0], [0.0, 0.0, 0.0, 1.0]]}, "GENERIC45": {"matrix": [[-4.440892098500626e-16, -0.7071067811865476, 0.7071067811865476, 0.0], [-1.0000000000000002, 2.220446049250313e-16, -1.6653345369377353e-16, 0.0], [-1.6653345369377353e-16, -0.7071067811865476, -0.7071067811865479, 0.0], [0.0, 0.0, 0.0, 1.0]]}, "GENERIC315": {"matrix": [[-2.220446049250313e-16, -0.7071067811865474, -0.7071067811865477, 0.0], [-1.0, 2.220446049250313e-16, 3.3306690738754686e-16, 0.0], [-1.1102230246251563e-16, 0.7071067811865477, -0.707106781186547, 0.0], [0.0, 0.0, 0.0, 1.0]]}, "GENERIC180": {"matrix": [[-2.220446049250313e-16, 1.0, 1.2246467991473527e-16, 0.0], [-1.0, -2.220446049250313e-16, -1.2246467991473535e-16, 0.0], [-1.2246467991473532e-16, -1.224646799147353e-16, 1.0, 0.0], [0.0, 0.0, 0.0, 1.0]]}}}, "BUILDLIGHTS": {"parts": ["BUILDLIGHT"], "snap_points": {"GENERIC180": {"matrix": [[2.220446049250313e-16, 1.0, 0.0, 0.0], [-1.0, 2.220446049250313e-16, 0.0, 0.0], [0.0, 0.0, 1.0, 0.0], [0.0, 0.0, 0.0, 1.0]]}, "POWER_A": {"matrix": [[1.0, 0.0, 0.0, 0.0], [0.0, 1.0, 0.0, 0.423811], [0.0, 0.0, 1.0, 0.281727], [0.0, 0.0, 0.0, 1.0]]}, "GENERIC90": {"matrix": [[2.220446049250313e-16, 2.220446049250313e-16, 1.0, 0.0], [-1.0, 0.0, 2.220446049250313e-16, 0.0], [0.0, -1.0, 2.220446049250313e-16, 0.0], [0.0, 0.0, 0.0, 1.0]]}, "GENERIC135": {"matrix": [[2.220446049250313e-16, 0.7071067811865475, 0.7071067811865476, 0.0], [-1.0, 2.220446049250313e-16, 1.1102230246251565e-16, 0.0], [0.0, -0.7071067811865476, 0.7071067811865475, 0.0], [0.0, 0.0, 0.0, 1.0]]}, "GENERIC225": {"matrix": [[-1.1102230246251565e-15, 0.7071067811865475, -0.7071067811865475, 0.0], [-1.0, -8.881784197001252e-16, 8.326672684688674e-16, 0.0], [5.551115123125783e-17, 0.7071067811865475, 0.7071067811865475, 0.0], [0.0, 0.0, 0.0, 1.0]]}, "GENERIC0": {"matrix": [[2.220446049250313e-16, -1.0, -1.2246467991473532e-16, 0.0], [-1.0, -2.220446049250313e-16, -2.465190328815662e-32, 0.0], [0.0, 1.2246467991473532e-16, -1.0, 0.0], [0.0, 0.0, 0.0, 1.0]]}, "GENERIC45": {"matrix": [[-6.661338147750939e-16, -0.7071067811865478, 0.7071067811865474, 0.0], [-1.0, 3.3306690738754696e-16, -3.3306690738754696e-16, 0.0], [0.0, -0.7071067811865474, -0.7071067811865479, 0.0], [0.0, 0.0, 0.0, 1.0]]}, "GENERIC270": {"matrix": [[-1.1102230246251565e-15, 2.220446049250313e-16, -1.0, 0.0], [-1.0, 0.0, 1.1102230246251565e-15, 0.0], [0.0, 1.0, 2.220446049250313e-16, 0.0], [0.0, 0.0, 0.0, 1.0]]}, "GENERIC315": {"matrix": [[-2.220446049250313e-16, -0.7071067811865471, -0.7071067811865479, 0.0], [-1.0, 0.0, 1.1102230246251568e-16, 0.0], [0.0, 0.7071067811865479, -0.7071067811865472, 0.0], [0.0, 0.0, 0.0, 1.0]]}}}, "MAIN_WINDOWS_GLASS": {"parts": ["PANEL_GLASS"], "snap_points": {"ATTACH": {"matrix": [[2.220446049250313e-16, 0.0, -1.0, -1.4672248178871675e-14], [0.0, 1.0, 0.0, 1.5], [1.0, 0.0, 2.220446049250313e-16, 9.860761315262648e-32], [0.0, 0.0, 0.0, 1.0]], "opposite": ""}}}, "FREIGHTER_NEW_STAIRS": {"parts": ["FRE_CORR_STA", "FRE_CORR_G_STA"], "snap_points": {}}, "CUBE_SHAPE": {"parts": ["CUBESHAPE"], "snap_points": {"NORTH": {"matrix": [[-2.220446049250313e-16, -1.0, 5.700995231450179e-14, -5.25580304229029e-16], [0.0, 5.695444116327053e-14, 1.0, 1.0], [-1.0, 1.6653345369377348e-16, 0.0, -1.0], [0.0, 0.0, 0.0, 1.0]], "opposite": "SOUTH"}, "BOTTOM": {"matrix": [[8.459899447643693e-14, 1.0000000000000002, 1.224646799147457e-16, 6.43013654251203e-13], [-1.0000000000000002, 8.459899447643693e-14, -1.2246467991472497e-16, 0.0], [-1.2246467991473535e-16, -1.2246467991473532e-16, 1.0, 0.0], [0.0, 0.0, 0.0, 1.0]], "opposite": "TOP"}, "WEST": {"matrix": [[-1.0, -1.2246467991473532e-16, 0.0, -1.0], [1.2246467991473532e-16, -1.0, 0.0, 1.0], [0.0, 0.0, 1.0, 0.0], [0.0, 0.0, 0.0, 1.0]], "opposite": "EAST"}, "TOP": {"matrix": [[-1.170175067954915e-13, -1.0, 0.0, 1.2884580159302773e-13], [1.0, -1.170175067954915e-13, 0.0, 2.0], [0.0, 0.0, 1.0, 0.0], [0.0, 0.0, 0.0, 1.0]], "opposite": "BOTTOM"}, "EAST": {"matrix": [[1.0, -1.2246467991473537e-16, 1.2246467991473527e-16, 1.0], [-1.2246467991473532e-16, -4.440892098500626e-16, 1.0000000000000002, 1.0], [-1.2246467991473532e-16, -1.0000000000000002, -4.440892098500626e-16, 4.930380657631325e-32], [0.0, 0.0, 0.0, 1.0]], "opposite": "WEST"}, "SOUTH": {"matrix": [[2.220446049250313e-16, 2.986159789035703e-15, 1.0, 0.0], [5.9164567891575885e-31, -1.0, 2.986159789035703e-15, 1.0], [1.0, 0.0, -2.220446049250313e-16, 1.0], [0.0, 0.0, 0.0, 1.0]], "opposite": "NORTH"}}}, "SHORT_WALLS_HALF": {"parts": ["C_WALL_Q_H", "M_WALL_Q_H", "W_WALL_Q_H", "F_WALL_Q_H", "F_WALL_Q_H1", "S_WALL_Q_H", "S_WALL_Q_H1", "T_WALL_Q_H1", "T_WALL_Q_H"], "snap_points": {"TOP_OUT": {"matrix": [[2.220446049250313e-16, 0.0, -1.0000000000000002, 0.0], [0.0, 1.0, 0.0, 0.8392230272293091], [1.0000000000000002, 0.0, 2.220446049250313e-16, 3.923293477016353e-16], [0.0, 0.0, 0.0, 1.0]], "opposite": "BOTTOM"}, "EAST": {"matrix": [[0.999986102459863, -8.673617379884035e-19, 0.005272085652996792, 1.335], [0.005272085652996792, 1.1102230246251565e-16, -0.999986102459863, 0.4195], [0.0, 1.0, 1.1102230246251565e-16, 0.0], [0.0, 0.0, 0.0, 1.0]], "opposite": "WEST"}, "TOP180": {"matrix": [[2.220446049250313e-16, -2.220446049250313e-16, -1.0, 0.0], [1.0, 0.0, 2.220446049250313e-16, 0.8392230272293091], [0.0, -1.0, 2.220446049250313e-16, 3.923293477016353e-16], [0.0, 0.0, 0.0, 1.0]], "opposite": "BOTTOM"}, "GENERICB": {"matrix": [[2.220446049250313e-16, 1.0000000000000002, 1.2246467991473535e-16, 5.763871202522532e-17], [1.0000000000000002, -4.440892098500626e-16, -3.697785493223493e-32, 0.2595816819989202], [-1.232595164407831e-32, 1.2246467991473535e-16, -1.0, -2.0], [0.0, 0.0, 0.0, 1.0]], "opposite": ""}, "BOTTOM": {"matrix": [[0.0, 4.996003610813205e-16, -1.0000000000000002, 0.0], [-1.0000000000000002, -2.220446049250313e-16, -5.551115123125784e-17, 0.0], [-5.551115123125784e-17, 1.0000000000000002, 3.3306690738754696e-16, 3.923293477016353e-16], [0.0, 0.0, 0.0, 1.0]], "opposite": "TOP"}, "TOP": {"matrix": [[0.0, -4.996003610813205e-16, 1.0000000000000002, 0.0], [1.0000000000000002, -2.220446049250313e-16, -5.551115123125784e-17, 0.8392230272293091], [5.551115123125784e-17, 1.0000000000000002, 3.3306690738754696e-16, 3.923293477016353e-16], [0.0, 0.0, 0.0, 1.0]], "opposite": "BOTTOM"}, "TOP_IN": {"matrix": [[2.220446049250313e-16, 0.0, 1.0, 0.0], [0.0, 1.0, 0.0, 0.8392230272293091], [-1.0, 0.0, 2.220446049250313e-16, 3.923293477016353e-16], [0.0, 0.0, 0.0, 1.0]], "opposite": "BOTTOM"}, "BOTTOM_IN": {"matrix": [[2.220446049250313e-16, 0.0, 1.0, 0.0], [0.0, 1.0, 0.0, 0.0], [-1.0, 0.0, 2.220446049250313e-16, 3.923293477016353e-16], [0.0, 0.0, 0.0, 1.0]], "opposite": "TOP"}, "BOTTOM_OUT": {"matrix": [[2.220446049250313e-16, 0.0, -1.0000000000000002, 0.0], [0.0, 1.0, 0.0, 0.0], [1.0000000000000002, 0.0, 2.220446049250313e-16, 3.923293477016353e-16], [0.0, 0.0, 0.0, 1.0]], "opposite": "TOP"}, "EAST_OUT": {"matrix": [[2.220446049250313e-16, -0.999986102459863, 0.005272085652996417, 1.335], [0.0, -0.005272085652996417, -0.999986102459863, 0.4195], [1.0, 2.220446049250313e-16, 0.0, 0.0], [0.0, 0.0, 0.0, 1.0]], "opposite": "WEST"}, "WEST": {"matrix": [[-1.0, -2.465190328815662e-32, 1.2246467991473532e-16, -1.335], [1.2246467991473532e-16, -2.220446049250313e-16, 1.0, 0.4195], [0.0, 1.0, 2.220446049250313e-16, 0.0], [0.0, 0.0, 0.0, 1.0]], "opposite": "EAST"}, "EAST_IN": {"matrix": [[2.220446049250313e-16, 0.999986102459863, 0.005272085652997528, 1.335], [0.0, 0.005272085652997527, -0.999986102459863, 0.4195], [-1.0, 2.2204460492503136e-16, 0.0, 0.0], [0.0, 0.0, 0.0, 1.0]], "opposite": "WEST"}, "GENERICA": {"matrix": [[2.220446049250313e-16, -1.0, 0.0, 5.763871202522532e-17], [1.0, 2.220446049250313e-16, 0.0, 0.2595816819989202], [0.0, 0.0, 1.0, 2.0], [0.0, 0.0, 0.0, 1.0]], "opposite": ""}, "WEST_OUT": {"matrix": [[0.0, 1.0000000000000002, 4.996003610813205e-16, -1.335], [-5.551115123125784e-17, -6.661338147750939e-16, 1.0000000000000002, 0.4195], [1.0000000000000002, -5.551115123125784e-17, 0.0, 0.0], [0.0, 0.0, 0.0, 1.0]], "opposite": "EAST"}, "WEST_IN": {"matrix": [[0.0, -1.0000000000000002, -4.996003610813205e-16, -1.335], [5.551115123125784e-17, -6.661338147750939e-16, 1.0000000000000002, 0.4195], [-1.0000000000000002, -5.551115123125784e-17, 0.0, 0.0], [0.0, 0.0, 0.0, 1.0]], "opposite": "EAST"}}}, "ROOFS": {"parts": ["C_ROOF_M", "W_ROOF_M", "M_ROOF_M", "W_ROOF_C", "C_ROOF_C", "M_ROOF_C", "W_ROOF_IC", "M_ROOF_IC", "C_ROOF_IC", "W_ROOF", "M_ROOF", "C_ROOF", "F_ROOF0", "F_ROOF1", "F_ROOF2", "F_ROOF3", "F_ROOF4", "F_ROOF5", "F_ROOF6", "F_ROOF7", "F_ROOF8", "F_ROOF_M", "F_ROOF_E_CAP", "F_ROOF_M_CAP", "F_ROOF_M_Q", "S_ROOF0", "S_ROOF1", "S_ROOF2", "S_ROOF3", "S_ROOF4", "S_ROOF5", "S_ROOF_M_Q", "S_ROOF_C", "S_ROOF_M", "S_ROOF_M_CAP", "T_ROOF0", "T_ROOF1", "T_ROOF2", "T_ROOF3", "T_ROOF4", "T_ROOF5", "T_ROOF6", "T_ROOF7", "T_ROOF_M_Q", "T_ROOF_M_CAP", "T_ROOF_M", "T_ROOF_IC", "T_ROOF_C", "F_ROOF_C", "F_ROOF_E_Q", "F_ROOF_IC", "S_ROOF_IC", "T_ROOF_E_Q", "T_ROOF_E_CAP", "S_ROOF_E_Q", "S_ROOF_E_CAP", "T_ROOF_M_CAP_Glass"], "snap_points": {"NORTH_Q1_IN": {"matrix": [[0.0, -3.3306690738754696e-16, 1.0, 1.335], [1.0, -2.220446049250313e-16, -1.1102230246251565e-16, 3.33294], [1.1102230246251565e-16, 1.0, 2.220446049250313e-16, 2.669], [0.0, 0.0, 0.0, 1.0]], "opposite": "SOUTH"}, "SOUTH_Q2": {"matrix": [[0.0, 3.3306690738754696e-16, 1.0, -1.335], [-1.0, -2.220446049250313e-16, 1.1102230246251565e-16, 0.0], [1.1102230246251565e-16, -1.0, 2.220446049250313e-16, -2.669], [0.0, 0.0, 0.0, 1.0]], "opposite": "NORTH"}, "NORTH": {"matrix": [[0.0, -3.3306690738754696e-16, -1.0, 0.0], [1.0, -2.220446049250313e-16, 1.1102230246251565e-16, 3.33294], [-1.1102230246251565e-16, -1.0, 2.220446049250313e-16, 2.669], [0.0, 0.0, 0.0, 1.0]], "opposite": "SOUTH"}, "NORTH_Q1": {"matrix": [[0.0, -3.3306690738754696e-16, -1.0, 1.335], [1.0, -2.220446049250313e-16, 1.1102230246251565e-16, 3.33294], [-1.1102230246251565e-16, -1.0, 2.220446049250313e-16, 2.669], [0.0, 0.0, 0.0, 1.0]], "opposite": "SOUTH"}, "NORTH_IN": {"matrix": [[0.0, -3.3306690738754696e-16, 1.0, 0.0], [1.0, -2.220446049250313e-16, -1.1102230246251565e-16, 3.33294], [1.1102230246251565e-16, 1.0, 2.220446049250313e-16, 2.669], [0.0, 0.0, 0.0, 1.0]], "opposite": "SOUTH"}, "SOUTH_Q1": {"matrix": [[0.0, 3.3306690738754696e-16, 1.0, 1.335], [-1.0, -2.220446049250313e-16, 1.1102230246251565e-16, 0.0], [1.1102230246251565e-16, -1.0, 2.220446049250313e-16, -2.669], [0.0, 0.0, 0.0, 1.0]], "opposite": "NORTH"}, "SOUTH_C_Q1_IN": {"matrix": [[-1.0, 0.0, -3.216245299353273e-16, 2.6690000000000005], [0.0, 1.0, 0.0, 0.0], [3.216245299353273e-16, 0.0, -1.0, 1.3349999999999993], [0.0, 0.0, 0.0, 1.0]], "opposite": "NORTH"}, "SOUTH_C_IN": {"matrix": [[-1.0, 0.0, -3.216245299353273e-16, 2.669], [0.0, 1.0, 0.0, 0.0], [3.216245299353273e-16, 0.0, -1.0, -2.5550686851256898e-15], [0.0, 0.0, 0.0, 1.0]], "opposite": "NORTH"}, "SOUTH_C_Q1": {"matrix": [[-2.220446049250313e-16, 1.0, 0.0, 2.6690000000000005], [-1.0, -2.220446049250313e-16, 0.0, 0.0], [0.0, 0.0, 1.0, 1.3349999999999993], [0.0, 0.0, 0.0, 1.0]], "opposite": "NORTH"}, "SOUTH_C": {"matrix": [[-2.220446049250313e-16, 1.0, 0.0, 2.669], [-1.0, -2.220446049250313e-16, 0.0, 0.0], [0.0, 0.0, 1.0, -2.5550686851256898e-15], [0.0, 0.0, 0.0, 1.0]], "opposite": "NORTH"}, "SOUTH_IN": {"matrix": [[2.220446049250313e-16, 0.0, -1.0, -1.962431634580781e-15], [0.0, 1.0, 0.0, 0.0], [1.0, 0.0, 2.220446049250313e-16, -2.669], [0.0, 0.0, 0.0, 1.0]], "opposite": "NORTH"}, "EAST": {"matrix": [[-1.0, 0.0, 1.2246467991473532e-16, -2.669], [0.0, 1.0, 0.0, 1.5342177137312576], [-1.2246467991473532e-16, 0.0, -1.0, 6.592436273144673e-17], [0.0, 0.0, 0.0, 1.0]], "opposite": "WEST"}, "SOUTH_C_Q2_IN": {"matrix": [[-1.0, 0.0, -3.216245299353273e-16, 2.6689999999999996], [0.0, 1.0, 0.0, 0.0], [3.216245299353273e-16, 0.0, -1.0, -1.3350000000000006], [0.0, 0.0, 0.0, 1.0]], "opposite": "NORTH"}, "NORTH_Q2": {"matrix": [[0.0, -3.3306690738754696e-16, -1.0, -1.335], [1.0, -2.220446049250313e-16, 1.1102230246251565e-16, 3.33294], [-1.1102230246251565e-16, -1.0, 2.220446049250313e-16, 2.669], [0.0, 0.0, 0.0, 1.0]], "opposite": "SOUTH"}, "NORTH_Q2_IN": {"matrix": [[0.0, -3.3306690738754696e-16, 1.0, -1.335], [1.0, -2.220446