{"WALLLIGHTS": {"parts": ["WALLLIGHTBLUE", "WALLLIGHTBLUE", "WALLLIGHTYELLOW", "WALLLIGHTYELLOW", "WALLLIGHTWHITE", "WALLLIGHTWHITE", "WALLLIGHTPINK", "WALLLIGHTPINK", "WALLLIGHTRED", "WALLLIGHTRED", "WALLLIGHTGREEN", "WALLLIGHTGREEN"], "snap_points": {"POWER_A": {"matrix": [[1.0, 0.0, 0.0, 0.0], [0.0, 1.0, 0.0, 0.0487], [0.0, 0.0, 1.0, -0.4438], [0.0, 0.0, 0.0, 1.0]]}}}, "LOGIC2": {"parts": ["U_SWITCHBUTTON", "U_SWITCHBUTTON", "U_SWITCHPROX", "U_SWITCHWALL"], "snap_points": {"POWER_A": {"matrix": [[1.0, 0.0, 0.0, -0.3542], [0.0, 1.0, 0.0, 0.1448], [0.0, 0.0, 1.0, 0.0], [0.0, 0.0, 0.0, 1.0]]}, "POWER_B": {"matrix": [[1.0, 0.0, 0.0, 0.3542], [0.0, 1.0, 0.0, 0.1448], [0.0, 0.0, 1.0, 0.0], [0.0, 0.0, 0.0, 1.0]]}}}, "HALF_WALLS": {"parts": ["W_WALL_H", "C_WALL_H", "C_WALL_H", "M_WALL_H", "M_WALL_H", "W_DOOR_H", "C_DOOR_H", "C_DOOR_H", "M_DOOR_H", "M_DOOR_H", "M_DOOR_H", "W_ARCH_H", "M_ARCH_H", "C_ARCH_H"], "snap_points": {"TOP_OUT": {"matrix": [[4.440892098500626e-16, 0.0, -1.0, 0.0], [0.0, 1.0, 0.0, 3.33], [1.0, 0.0, 4.440892098500626e-16, 3.923293477016353e-16], [0.0, 0.0, 0.0, 1.0]], "opposite": "BOTTOM"}, "TOP180": {"matrix": [[0.0, 0.0, -1.0, 0.0], [1.0, 0.0, 0.0, 3.33], [0.0, -1.0, 0.0, 3.923293477016353e-16], [0.0, 0.0, 0.0, 1.0]], "opposite": "BOTTOM"}, "EAST_IN": {"matrix": [[0.0, 0.9999861024598631, 0.00527208565299786, 1.335], [0.0, 0.005272085652997749, -0.9999861024598631, 1.665], [-1.0, 0.0, 0.0, 0.0], [0.0, 0.0, 0.0, 1.0]], "opposite": "WEST"}, "BOTTOM": {"matrix": [[0.0, 7.771561172376096e-16, -1.0, 0.0], [-1.0, 0.0, 0.0, 0.0], [0.0, 1.0, 6.661338147750939e-16, 3.923293477016353e-16], [0.0, 0.0, 0.0, 1.0]], "opposite": "TOP"}, "WEST": {"matrix": [[-1.0, 0.0, 1.2246467991473532e-16, -1.335], [1.2246467991473532e-16, 0.0, 1.0, 1.665], [0.0, 1.0, 0.0, 0.0], [0.0, 0.0, 0.0, 1.0]], "opposite": "EAST"}, "TOP": {"matrix": [[0.0, -7.771561172376096e-16, 1.0, 0.0], [1.0, 0.0, 0.0, 3.33], [0.0, 1.0, 6.661338147750939e-16, 3.923293477016353e-16], [0.0, 0.0, 0.0, 1.0]], "opposite": "BOTTOM"}, "TOP_IN": {"matrix": [[0.0, -1.0990647210786423e-15, 1.0, 0.0], [0.0, 1.0, 1.0990647210786423e-15, 3.33], [-1.0, 0.0, 0.0, 3.923293477016353e-16], [0.0, 0.0, 0.0, 1.0]], "opposite": "BOTTOM"}, "BOTTOM_IN": {"matrix": [[0.0, -2.355138688025662e-15, 1.0, 0.0], [0.0, 1.0, 2.355138688025662e-15, 0.0], [-1.0, 0.0, 0.0, 3.923293477016353e-16], [0.0, 0.0, 0.0, 1.0]], "opposite": "TOP"}, "BOTTOM_OUT": {"matrix": [[4.440892098500626e-16, 0.0, -1.0, 0.0], [0.0, 1.0, 0.0, 0.0], [1.0, 0.0, 4.440892098500626e-16, 3.923293477016353e-16], [0.0, 0.0, 0.0, 1.0]], "opposite": "TOP"}, "GENERICB": {"matrix": [[2.220446049250313e-16, 1.0000000000000002, 1.2246467991473535e-16, 5.763871202522532e-17], [1.0000000000000002, -4.440892098500626e-16, -3.697785493223493e-32, 0.2595816819989202], [-1.232595164407831e-32, 1.2246467991473535e-16, -1.0, -2.0], [0.0, 0.0, 0.0, 1.0]], "opposite": ""}, "EAST_OUT": {"matrix": [[0.0, -0.999986102459863, 0.005272085652996195, 1.335], [0.0, -0.005272085652996195, -0.999986102459863, 1.665], [1.0, 0.0, 0.0, 0.0], [0.0, 0.0, 0.0, 1.0]], "opposite": "WEST"}, "GENERICA": {"matrix": [[0.0, -1.0, 0.0, 5.763871202522532e-17], [1.0, 0.0, 0.0, 0.2595816819989202], [0.0, 0.0, 1.0, 2.0], [0.0, 0.0, 0.0, 1.0]], "opposite": ""}, "EAST": {"matrix": [[0.999986102459863, 0.0, 0.005272085652996796, 1.335], [0.005272085652996796, 0.0, -0.9999861024598629, 1.665], [0.0, 1.0, 0.0, 0.0], [0.0, 0.0, 0.0, 1.0]], "opposite": "WEST"}, "WEST_OUT": {"matrix": [[0.0, 1.0, 3.3306690738754696e-16, -1.335], [0.0, -4.440892098500626e-16, 1.0, 1.665], [1.0, 0.0, 0.0, 0.0], [0.0, 0.0, 0.0, 1.0]], "opposite": "EAST"}, "WEST_IN": {"matrix": [[0.0, -1.0, -2.2204460492503126e-16, -1.335], [0.0, -2.220446049250313e-16, 1.0, 1.665], [-1.0, 0.0, 0.0, 0.0], [0.0, 0.0, 0.0, 1.0]], "opposite": "EAST"}}}, "BIG_FEEDER": {"parts": ["CREATURE_FARM"], "snap_points": {"POWER_A": {"matrix": [[1.0, 0.0, 0.0, 0.0], [0.0, 1.0, 0.0, 0.7221], [0.0, 0.0, 1.0, 2.5493], [0.0, 0.0, 0.0, 1.0]]}}}, "WINDOWS": {"parts": ["CUBEWINDOW"], "snap_points": {"ATTACH": {"matrix": [[0.0, 0.0, 1.0, 0.0], [0.0, 1.0, 0.0, 2.0], [-1.0, 0.0, 0.0, 0.0], [0.0, 0.0, 0.0, 1.0]], "opposite": "WEST180"}}}, "ELECTROMAGNETIC": {"parts": ["U_GENERATOR_S"], "snap_points": {"POWER_D": {"matrix": [[1.0, 0.0, 0.0, 0.0], [0.0, 1.0, 0.0, 0.3227], [0.0, 0.0, 1.0, -1.1769], [0.0, 0.0, 0.0, 1.0]]}, "POWER_A": {"matrix": [[1.0, 0.0, 0.0, -1.1769], [0.0, 1.0, 0.0, 0.3227], [0.0, 0.0, 1.0, 0.0], [0.0, 0.0, 0.0, 1.0]]}, "POWER_C": {"matrix": [[1.0, 0.0, 0.0, 1.1769], [0.0, 1.0, 0.0, 0.3227], [0.0, 0.0, 1.0, 0.0], [0.0, 0.0, 0.0, 1.0]]}, "POWER_B": {"matrix": [[1.0, 0.0, 0.0, 0.0], [0.0, 1.0, 0.0, 0.3227], [0.0, 0.0, 1.0, 1.1769], [0.0, 0.0, 0.0, 1.0]]}}}, "CORRIDOR_RAMPS": {"parts": ["BUILDRAMP"], "snap_points": {"START": {"matrix": [[0.0, 0.0, 1.0, -2.2823433895105074e-16], [0.0, 1.0, 0.0, 0.0], [-1.0, 0.0, 0.0, -1.0], [0.0, 0.0, 0.0, 1.0]], "opposite": "END"}, "END": {"matrix": [[0.0, 0.0, -1.0, 2.265567204214089e-16], [0.0, 1.0, 0.0, 0.0], [1.0, 0.0, 0.0, 1.0], [0.0, 0.0, 0.0, 1.0]], "opposite": "START"}}}, "PROPS": {"parts": ["FLAG1", "FLAG2", "FLAG3", "FLAG4", "BUILDTABLE", "BUILDTABLE2", "BUILDWORKTOP", "CEILINGLIGHT", "CURVEDDESK", "LARGEDESK", "MONITORDESKsh", "ROBOTICARM", "ROOFMONITOR", "SHELFPANEL", "STATUE_ATLAS_G", "STATUE_BLOB_B", "STATUE_BLOB_G", "STATUE_BLOB_S", "STATUE_WALK_G", "WEAPONRACK", "BASE_TREE01", "BASE_TREE02", "BUILDCHAIR1", "BUILDCHAIR2", "BUILDCHAIR3", "BUILDLOCKER", "BUILDSIMPLEDESK", "BUILDSOFA", "BUILDSOFA2", "BUILDSOFA2L", "PLANTPOT", "PLANTPOT1", "PLANTPOT2", "PLANTPOT3", "BP_ANALYSER", "BUILD_REFINER1", "BUILD_REFINER2", "BUILD_REFINER3", "BUILDBEACON", "BUILDSAVE", "BUILDSIGNAL", "MESSAGEMODULE", "BASE_FLAG", "BASECAPSULE", "NPCSCIENCETERM", "BUILDLCRATE", "BUILDAMCRATE", "BUILDLIGHT3", "BUILDLIGHT1", "BUILDLIGHT2", "MOONPOOL", "CARBONPLANTER", "CORNERPOST", "BASE_BONEGARDEN", "STATUE_ASTRO_S", "STATUE_ASTRO_G", "STATUE_ASTRO_B", "BASE_WPLANT3", "BASE_BARNACLE", "BUILDFLATPANEL", "BUILDLIGHTTABLE", "BUILDSIDEPANEL", "STORAGEPANEL", "DRESSING_TABLE", "BUILDDECALSIMP2", "OCTACABINET", "FLOORMAT1", "BUILDCANRACK", "BUILDHCABINET", "TECHPANEL", "WALLFAN", "WALLFLAG3", "WALLFLAG2", "WALLFLAG1", "WALLSCREEN", "WALLSCREENB", "WALLSCREENB2", "DRAWS", "SERVERSTACK", "BED", "BASE_AQUARIUM", "SMALLLIGHT", "BUILDLABLAMP", "BASE_TREE03", "BASE_TERRARIUM", "BASE_MEDPLANT01", "BASE_MEDPLANT02", "BASE_MEDPLANT03", "NPCVEHICLETERM", "NPCFARMTERM", "NPCBUILDERTERM", "NPCWEAPONTERM", "SHIELDSTATION", "HEALTHSTATION", "WATERBUBBLE", "O2_HARVESTER", "CRATELRARE", "CRATELCYLINDER", "BUILDTABLE3", "COOKER", "BASE_TOYCORE", "BASE_TOYCUBE", "BASE_TOYSPHERE", "STATUE_GEK_B", "STATUE_GEK_G", "STATUE_GEK_S", "STATUE_SHIP_B", "STATUE_SHIP_G", "STATUE_SHIP_S", "CUBEROOF", "CUBEROOF", "BUILDGASHARVEST"], "snap_points": {"GENERIC270": {"matrix": [[-6.661338147750939e-16, 5.551115123125783e-17, -0.9999999999999999, 0.0], [-1.0, 0.0, 7.216449660063518e-16, 0.0], [-1.1102230246251565e-16, 1.0, 1.1102230246251565e-16, 0.0], [0.0, 0.0, 0.0, 1.0]]}, "GENERIC90": {"matrix": [[0.0, 0.0, 1.0, 0.0], [-1.0, 0.0, 0.0, 0.0], [0.0, -1.0, 0.0, 0.0], [0.0, 0.0, 0.0, 1.0]]}, "GENERIC135": {"matrix": [[0.0, 0.7071067811865474, 0.7071067811865476, 0.0], [-1.0, 2.220446049250313e-16, -1.6653345369377343e-16, 0.0], [-1.6653345369377343e-16, -0.7071067811865476, 0.7071067811865475, 0.0], [0.0, 0.0, 0.0, 1.0]]}, "GENERIC225": {"matrix": [[-8.881784197001252e-16, 0.7071067811865477, -0.7071067811865476, 0.0], [-1.0, -6.661338147750939e-16, 4.440892098500627e-16, 0.0], [-1.6653345369377353e-16, 0.7071067811865475, 0.7071067811865476, 0.0], [0.0, 0.0, 0.0, 1.0]]}, "GENERIC0": {"matrix": [[0.0, -1.0, 0.0, 0.0], [-1.0, 0.0, 1.2246467991473532e-16, 0.0], [-1.2246467991473532e-16, 0.0, -1.0, 0.0], [0.0, 0.0, 0.0, 1.0]]}, "GENERIC45": {"matrix": [[-4.440892098500626e-16, -0.7071067811865476, 0.7071067811865476, 0.0], [-1.0000000000000002, 2.220446049250313e-16, -1.6653345369377353e-16, 0.0], [-1.6653345369377353e-16, -0.7071067811865476, -0.7071067811865479, 0.0], [0.0, 0.0, 0.0, 1.0]]}, "GENERIC315": {"matrix": [[-2.220446049250313e-16, -0.7071067811865474, -0.7071067811865477, 0.0], [-1.0, 2.220446049250313e-16, 3.3306690738754686e-16, 0.0], [-1.1102230246251563e-16, 0.7071067811865477, -0.707106781186547, 0.0], [0.0, 0.0, 0.0, 1.0]]}, "GENERIC180": {"matrix": [[0.0, 1.0, 1.2246467991473532e-16, 0.0], [-1.0, 0.0, -1.2246467991473532e-16, 0.0], [-1.2246467991473532e-16, -1.2246467991473532e-16, 1.0, 0.0], [0.0, 0.0, 0.0, 1.0]]}}}, "NOISE_CUBES": {"parts": ["NOISEBOX"], "snap_points": {"POWER_A": {"matrix": [[1.0, 0.0, 0.0, 0.5815], [0.0, 1.0, 0.0, 0.1757], [0.0, 0.0, 1.0, 0.1926], [0.0, 0.0, 0.0, 1.0]], "opposite": "NORTH"}, "TOP": {"matrix": [[-1.170175067954915e-13, -1.0, 0.0, 2.4480702302675267e-14], [1.0, -1.170175067954915e-13, 0.0, 0.76], [0.0, 0.0, 1.0, 0.0], [0.0, 0.0, 0.0, 1.0]], "opposite": "BOTTOM"}, "NORTH": {"matrix": [[2.220446049250313e-16, 0.0, 1.0000000000000002, -9.98602578035155e-17], [0.0, 1.0, 0.0, 0.38000000000000017], [-1.0000000000000002, 0.0, 2.220446049250313e-16, -0.38], [0.0, 0.0, 0.0, 1.0]], "opposite": "SOUTH"}, "SOUTH": {"matrix": [[2.220446049250313e-16, 0.0, -1.0000000000000002, 0.0], [0.0, 1.0, 0.0, 0.38000000000000017], [1.0000000000000002, 0.0, 2.220446049250313e-16, 0.38], [0.0, 0.0, 0.0, 1.0]], "opposite": "NORTH"}, "BOTTOM": {"matrix": [[8.459899447643693e-14, 1.0, 0.0, 1.2217259430772855e-13], [-1.0, 8.459899447643693e-14, 0.0, 0.0], [0.0, 0.0, 1.0, 0.0], [0.0, 0.0, 0.0, 1.0]], "opposite": "TOP"}}}, "CUBE_SHAPE": {"parts": ["CUBESHAPE"], "snap_points": {"NORTH": {"matrix": [[0.0, -1.0, 5.706546346573303e-14, -5.25580304229029e-16], [0.0, 5.706546346573305e-14, 1.0, 1.0], [-1.0, 0.0, 0.0, -1.0], [0.0, 0.0, 0.0, 1.0]], "opposite": "SOUTH"}, "BOTTOM": {"matrix": [[8.459899447643693e-14, 1.0000000000000002, 1.224646799147457e-16, 6.43013654251203e-13], [-1.0000000000000002, 8.459899447643693e-14, -1.2246467991472497e-16, 0.0], [-1.2246467991473535e-16, -1.2246467991473532e-16, 1.0, 0.0], [0.0, 0.0, 0.0, 1.0]], "opposite": "TOP"}, "WEST": {"matrix": [[-1.0, -1.2246467991473532e-16, 0.0, -1.0], [1.2246467991473532e-16, -1.0, 0.0, 1.0], [0.0, 0.0, 1.0, 0.0], [0.0, 0.0, 0.0, 1.0]], "opposite": "EAST"}, "TOP": {"matrix": [[-1.170175067954915e-13, -1.0, 0.0, 1.2884580159302773e-13], [1.0, -1.170175067954915e-13, 0.0, 2.0], [0.0, 0.0, 1.0, 0.0], [0.0, 0.0, 0.0, 1.0]], "opposite": "BOTTOM"}, "EAST": {"matrix": [[1.0, -1.2246467991473537e-16, 1.2246467991473527e-16, 1.0], [-1.2246467991473532e-16, -4.440892098500626e-16, 1.0000000000000002, 1.0], [-1.2246467991473532e-16, -1.0000000000000002, -4.440892098500626e-16, 4.930380657631325e-32], [0.0, 0.0, 0.0, 1.0]], "opposite": "WEST"}, "SOUTH": {"matrix": [[2.220446049250313e-16, 2.986159789035703e-15, 1.0, 0.0], [5.9164567891575885e-31, -1.0, 2.986159789035703e-15, 1.0], [1.0, 0.0, -2.220446049250313e-16, 1.0], [0.0, 0.0, 0.0, 1.0]], "opposite": "NORTH"}}}, "DOORS": {"parts": ["DOOR2", "BUILDDOOR", "BUILDDOOR_WATER"], "snap_points": {"POWER_A": {"matrix": [[1.0, 0.0, 0.0, 1.1048], [0.0, 1.0, 0.0, 0.7957], [0.0, 0.0, 1.0, 0.6284], [0.0, 0.0, 0.0, 1.0]]}, "POWER_B": {"matrix": [[1.0, 0.0, 0.0, -1.105], [0.0, 1.0, 0.0, 0.7957], [0.0, 0.0, 1.0, 0.6284], [0.0, 0.0, 0.0, 1.0]]}, "RAMP20": {"matrix": [[-2.220446049250313e-16, 1.9428902930940236e-15, -1.0, 1.8595837111578978e-16], [-0.3420201433256689, 0.9396926207859083, 1.8873791418627657e-15, 0.37492544374518344], [0.9396926207859084, 0.3420201433256689, 4.440892098500626e-16, 0.8171612891953568], [0.0, 0.0, 0.0, 1.0]], "opposite": "START"}, "RAMP0": {"matrix": [[0.0, 0.0, -1.0, 1.8595837111578978e-16], [0.0, 1.0, 0.0, 0.37492544374518344], [1.0, 0.0, 0.0, 0.8171612891953568], [0.0, 0.0, 0.0, 1.0]], "opposite": "START"}, "RAMP10": {"matrix": [[3.3306690738754696e-16, 2.137179322403426e-15, -0.9999999999999998, 1.8595837111578978e-16], [-0.17364817766693047, 0.984807753012208, 2.081668171172168e-15, 0.37492544374518344], [0.9848077530122079, 0.17364817766693047, 6.661338147750939e-16, 0.8171612891953568], [0.0, 0.0, 0.0, 1.0]], "opposite": "START"}, "RAMP40": {"matrix": [[0.0, 2.1094237467877974e-15, -1.0, 1.8595837111578978e-16], [-0.6427876096865394, 0.766044443118978, 1.5543122344752192e-15, 0.37492544374518344], [0.7660444431189781, 0.6427876096865394, 1.3322676295501878e-15, 0.8171612891953568], [0.0, 0.0, 0.0, 1.0]], "opposite": "START"}, "CORRIDOR": {"matrix": [[-2.220446049250313e-16, 0.0, 1.0, 0.0], [0.0, 1.0, 0.0, 1.665], [-1.0, 0.0, -2.220446049250313e-16, 0.0], [0.0, 0.0, 0.0, 1.0]]}, "RAMP30": {"matrix": [[-2.220446049250313e-16, 2.0261570199409107e-15, -1.0000000000000002, 1.8595837111578978e-16], [-0.5000000000000002, 0.8660254037844386, 1.8041124150158794e-15, 0.37492544374518344], [0.8660254037844387, 0.5000000000000002, 7.771561172376096e-16, 0.8171612891953568], [0.0, 0.0, 0.0, 1.0]], "opposite": "START"}}}, "SPACEPAD": {"parts": ["BUILDLANDINGPAD"], "snap_points": {"WEST": {"matrix": [[0.0, 0.0, 1.0, -3.2543921564047858e-15], [0.0, 1.0, 0.0, 2.0], [-1.0, 0.0, 0.0, -18.0], [0.0, 0.0, 0.0, 1.0]], "opposite": "EAST"}, "EAST": {"matrix": [[-2.220446049250313e-16, 0.0, -1.0, 0.0], [0.0, 1.0, 0.0, 2.0], [1.0, 0.0, -2.220446049250313e-16, 18.0], [0.0, 0.0, 0.0, 1.0]], "opposite": "WEST"}, "NORTH": {"matrix": [[1.0, 0.0, 0.0, 18.0], [0.0, 1.0, 0.0, 2.0], [0.0, 0.0, 1.0, 0.0], [0.0, 0.0, 0.0, 1.0]], "opposite": "SOUTH"}, "SOUTH": {"matrix": [[-1.0, 0.0, 1.2246467991473532e-16, -18.0], [0.0, 1.0, 0.0, 2.0], [-1.2246467991473532e-16, 0.0, -1.0, 0.0], [0.0, 0.0, 0.0, 1.0]], "opposite": "NORTH"}}}, "SMALL_FLOORS": {"parts": ["W_FLOOR_Q", "C_FLOOR_Q", "C_FLOOR_Q", "M_FLOOR_Q", "M_FLOOR_Q", "BUILDPAVINGTALL"], "snap_points": {"WEST_UP": {"matrix": [[2.220446049250313e-16, 1.0, -2.465190328815662e-32, -1.321], [1.0, -2.220446049250313e-16, -1.2246467991473532e-16, 0.0], [-1.2246467991473532e-16, 0.0, -1.0, 0.0], [0.0, 0.0, 0.0, 1.0]], "opposite": "EAST_UP"}, "NORTH_UP": {"matrix": [[0.0, -2.2204460492503126e-16, 1.0, 0.0], [1.0, 0.0, 0.0, 0.0], [0.0, 1.0, 2.220446049250313e-16, -1.321], [0.0, 0.0, 0.0, 1.0]], "opposite": "SOUTH_UP"}, "NORTH": {"matrix": [[0.0, 0.0, 1.0, 0.0], [0.0, 1.0, 0.0, 0.0], [-1.0, 0.0, 0.0, -1.321], [0.0, 0.0, 0.0, 1.0]], "opposite": "SOUTH"}, "SOUTH_UP": {"matrix": [[0.0, -2.2204460492503126e-16, -1.0, 0.0], [1.0, 0.0, 0.0, 0.0], [0.0, -1.0, 2.220446049250313e-16, 1.321], [0.0, 0.0, 0.0, 1.0]], "opposite": "NORTH_UP"}, "GENERIC": {"matrix": [[0.0, -1.0, 0.0, 5.763871202522532e-17], [1.0, 0.0, 0.0, 0.2595816819989202], [0.0, 0.0, 1.0, 0.0], [0.0, 0.0, 0.0, 1.0]], "opposite": ""}, "WEST": {"matrix": [[-1.0, 0.0, 1.2246467991473532e-16, -1.321], [0.0, 1.0, 0.0, 0.0], [-1.2246467991473532e-16, 0.0, -1.0, 0.0], [0.0, 0.0, 0.0, 1.0]], "opposite": "EAST"}, "EAST_UP": {"matrix": [[2.220446049250313e-16, -1.0000000000000002, 0.0, 1.3213280754733603], [1.0000000000000002, 2.220446049250313e-16, 0.0, 0.0], [0.0, 0.0, 1.0, 0.0], [0.0, 0.0, 0.0, 1.0]], "opposite": "WEST_UP"}, "EAST": {"matrix": [[1.0, 0.0, 0.0, 1.3213280754733603], [0.0, 1.0, 0.0, 0.0], [0.0, 0.0, 1.0, 0.0], [0.0, 0.0, 0.0, 1.0]], "opposite": "WEST"}, "SOUTH": {"matrix": [[0.0, 0.0, -1.0, 0.0], [0.0, 1.0, 0.0, 0.0], [1.0, 0.0, 0.0, 1.321], [0.0, 0.0, 0.0, 1.0]], "opposite": "NORTH"}}}, "EXP_WALL": {"parts": ["WALL"], "snap_points": {"EAST_IN": {"matrix": [[0.0, 0.9999861024598631, 0.00527208565299786, 2.0], [0.0, 0.005272085652997749, -0.9999861024598631, 0.5], [-1.0, 0.0, 0.0, 2.507510596355518e-16], [0.0, 0.0, 0.0, 1.0]], "opposite": "WEST"}, "TOP": {"matrix": [[0.0, -7.771561172376096e-16, 1.0, 0.0], [1.0, 0.0, 0.0, 1.0], [0.0, 1.0, 6.661338147750939e-16, 3.923293477016353e-16], [0.0, 0.0, 0.0, 1.0]], "opposite": "BOTTOM"}, "TOP_Q2_IN": {"matrix": [[0.0, 0.0, 1.0, 2.0], [0.0, 1.0, 0.0, 1.0], [-1.0, 0.0, 0.0, 1.2979547016271823e-17], [0.0, 0.0, 0.0, 1.0]], "opposite": "BOTTOM"}, "MIDDLE_IN": {"matrix": [[0.0, 0.0, 1.0, 3.8435693724848687e-17], [0.0, 1.0, 0.0, 0.5], [-1.0, 0.0, 0.0, -0.15], [0.0, 0.0, 0.0, 1.0]]}, "BOTTOM_Q2": {"matrix": [[4.440892098500626e-16, 4.440892098500626e-16, -1.0, -2.0], [-1.0, 0.0, -4.440892098500626e-16, -7.402946399743017e-17], [0.0, 1.0, 4.440892098500626e-16, 8.365061316862152e-16], [0.0, 0.0, 0.0, 1.0]], "opposite": "TOP"}, "EAST_OUT": {"matrix": [[0.0, -0.999986102459863, 0.005272085652996195, 2.0], [0.0, -0.005272085652996195, -0.999986102459863, 0.5], [1.0, 0.0, 0.0, 4.450101877749757e-32], [0.0, 0.0, 0.0, 1.0]], "opposite": "WEST"}, "BOTTOM_Q1": {"matrix": [[4.440892098500626e-16, 4.440892098500626e-16, -1.0, 2.0], [-1.0, 0.0, -4.440892098500626e-16, -7.402946399743017e-17], [0.0, 1.0, 4.440892098500626e-16, 8.365061316862152e-16], [0.0, 0.0, 0.0, 1.0]], "opposite": "TOP"}, "WEST_OUT": {"matrix": [[0.0, 1.0, 3.3306690738754696e-16, -2.0], [0.0, -4.440892098500626e-16, 1.0, 0.5], [1.0, 0.0, 0.0, 0.0], [0.0, 0.0, 0.0, 1.0]], "opposite": "EAST"}, "GENERICA": {"matrix": [[0.0, -1.0, 0.0, 5.763871202522532e-17], [1.0, 0.0, 0.0, 0.2595816819989202], [0.0, 0.0, 1.0, 2.0], [0.0, 0.0, 0.0, 1.0]], "opposite": ""}, "BOTTOM": {"matrix": [[0.0, 7.771561172376096e-16, -1.0, 0.0], [-1.0, 0.0, 0.0, 0.0], [0.0, 1.0, 6.661338147750939e-16, 3.923293477016353e-16], [0.0, 0.0, 0.0, 1.0]], "opposite": "TOP"}, "BOTTOM_Q2_OUT": {"matrix": [[0.0, -1.5700924586837752e-16, -1.0, 2.0], [0.0, 1.0, -1.5700924586837752e-16, -7.402946399743017e-17], [1.0, 0.0, 0.0, 8.365061316862152e-16], [0.0, 0.0, 0.0, 1.0]], "opposite": "TOP"}, "TOP_IN": {"matrix": [[0.0, -1.0990647210786423e-15, 1.0, 0.0], [0.0, 1.0, 1.0990647210786423e-15, 1.0], [-1.0, 0.0, 0.0, 3.923293477016353e-16], [0.0, 0.0, 0.0, 1.0]], "opposite": "BOTTOM"}, "TOP_Q1_IN": {"matrix": [[0.0, 0.0, 1.0, -2.0], [0.0, 1.0, 0.0, 1.0], [-1.0, 0.0, 0.0, 1.2979547016271823e-17], [0.0, 0.0, 0.0, 1.0]], "opposite": "BOTTOM"}, "BOTTOM_IN": {"matrix": [[0.0, -2.355138688025662e-15, 1.0, 0.0], [0.0, 1.0, 2.355138688025662e-15, 0.0], [-1.0, 0.0, 0.0, 3.923293477016353e-16], [0.0, 0.0, 0.0, 1.0]], "opposite": "TOP"}, "BOTTOM_Q2_IN": {"matrix": [[2.220446049250313e-16, 0.0, 1.0000000000000002, 2.0], [0.0, 1.0, 0.0, -7.402946399743017e-17], [-1.0000000000000002, 0.0, 2.220446049250313e-16, 8.365061316862152e-16], [0.0, 0.0, 0.0, 1.0]], "opposite": "TOP"}, "BOTTOM_OUT": {"matrix": [[4.440892098500626e-16, 0.0, -1.0, 0.0], [0.0, 1.0, 0.0, 0.0], [1.0, 0.0, 4.440892098500626e-16, 3.923293477016353e-16], [0.0, 0.0, 0.0, 1.0]], "opposite": "TOP"}, "TOP_Q1_OUT": {"matrix": [[7.771561172376096e-16, 0.0, -1.0, -2.0], [0.0, 1.0, 0.0, 1.0], [1.0, 0.0, 7.771561172376096e-16, 1.2979547016271823e-17], [0.0, 0.0, 0.0, 1.0]], "opposite": "BOTTOM"}, "EAST": {"matrix": [[0.999986102459863, 0.0, 0.005272085652996796, 2.0], [0.005272085652996796, 0.0, -0.9999861024598629, 0.5], [0.0, 1.0, 0.0, 5.694647396678384e-16], [0.0, 0.0, 0.0, 1.0]], "opposite": "WEST"}, "TOP_Q2_OUT": {"matrix": [[7.771561172376096e-16, 0.0, -1.0, 2.0], [0.0, 1.0, 0.0, 1.0], [1.0, 0.0, 7.771561172376096e-16, 1.2979547016271823e-17], [0.0, 0.0, 0.0, 1.0]], "opposite": "BOTTOM"}, "TOP_OUT": {"matrix": [[4.440892098500626e-16, 0.0, -1.0, 0.0], [0.0, 1.0, 0.0, 1.0], [1.0, 0.0, 4.440892098500626e-16, 3.923293477016353e-16], [0.0, 0.0, 0.0, 1.0]], "opposite": "BOTTOM"}, "WEST_IN": {"matrix": [[0.0, -1.0, -2.2204460492503126e-16, -2.0], [0.0, -2.220446049250313e-16, 1.0, 0.5], [-1.0, 0.0, 0.0, 0.0], [0.0, 0.0, 0.0, 1.0]], "opposite": "EAST"}, "MIDDLE_OUT": {"matrix": [[0.0, 0.0, -1.0, 3.699736874334352e-17], [0.0, 1.0, 0.0, 0.5], [1.0, 0.0, 0.0, 0.15], [0.0, 0.0, 0.0, 1.0]]}, "BOTTOM_Q1_IN": {"matrix": [[2.220446049250313e-16, 0.0, 1.0000000000000002, -2.0], [0.0, 1.0, 0.0, -7.402946399743017e-17], [-1.0000000000000002, 0.0, 2.220446049250313e-16, 8.365061316862152e-16], [0.0, 0.0, 0.0, 1.0]], "opposite": "TOP"}, "TOP_Q1": {"matrix": [[0.0, -7.771561172376096e-16, 1.0, -2.0], [1.0, 0.0, 0.0, 1.0], [0.0, 1.0, 6.661338147750939e-16, 1.2979547016271823e-17], [0.0, 0.0, 0.0, 1.0]], "opposite": "BOTTOM"}, "TOP_Q2": {"matrix": [[0.0, -7.771561172376096e-16, 1.0, 2.0], [1.0, 0.0, 0.0, 1.0], [0.0, 1.0, 6.661338147750939e-16, 1.2979547016271823e-17], [0.0, 0.0, 0.0, 1.0]], "opposite": "BOTTOM"}, "BOTTOM_Q1_OUT": {"matrix": [[0.0, -1.5700924586837752e-16, -1.0, -2.0], [0.0, 1.0, -1.5700924586837752e-16, -7.402946399743017e-17], [1.0, 0.0, 0.0, 8.365061316862152e-16], [0.0, 0.0, 0.0, 1.0]], "opposite": "TOP"}, "WEST": {"matrix": [[-1.0, 0.0, 1.2246467991473532e-16, -2.0], [1.2246467991473532e-16, 0.0, 1.0, 0.5], [0.0, 1.0, 0.0, 0.0], [0.0, 0.0, 0.0, 1.0]], "opposite": "EAST"}, "GENERICB": {"matrix": [[2.220446049250313e-16, 1.0000000000000002, 1.2246467991473535e-16, 5.763871202522532e-17], [1.0000000000000002, -4.440892098500626e-16, -3.697785493223493e-32, 0.2595816819989202], [-1.232595164407831e-32, 1.2246467991473535e-16, -1.0, -2.0], [0.0, 0.0, 0.0, 1.0]], "opposite": ""}}}, "EXP_WALLCURVED": {"parts": ["WALLCURVED"], "snap_points": {"START": {"matrix": [[-1.0, 0.0, -1.2246467991473532e-16, -1.9999999999999996], [0.0, 1.0, 0.0, 0.5], [1.2246467991473532e-16, 0.0, -1.0, -2.0], [0.0, 0.0, 0.0, 1.0]], "opposite": "END"}, "END": {"matrix": [[0.0, 0.0, -1.0, 2.0], [0.0, 1.0, 0.0, 0.5], [1.0, 0.0, 0.0, 2.084], [0.0, 0.0, 0.0, 1.0]], "opposite": "START"}}}, "ROOFS": {"parts": ["C_ROOF_M", "W_ROOF_M", "M_ROOF_M", "W_ROOF_C", "C_ROOF_C", "M_ROOF_C", "W_ROOF_IC", "M_ROOF_IC", "C_ROOF_IC"], "snap_points": {"SOUTH_C_Q1_IN": {"matrix": [[-1.0, 0.0, -3.216245299353273e-16, 2.6690000000000005], [0.0, 1.0, 0.0, 0.0], [3.216245299353273e-16, 0.0, -1.0, 1.3349999999999993], [0.0, 0.0, 0.0, 1.0]], "opposite": "NORTH"}, "SOUTH_C_IN": {"matrix": [[-1.0, 0.0, -3.216245299353273e-16, 2.669], [0.0, 1.0, 0.0, 0.0], [3.216245299353273e-16, 0.0, -1.0, -2.5550686851256898e-15], [0.0, 0.0, 0.0, 1.0]], "opposite": "NORTH"}, "NORTH": {"matrix": [[0.0, -2.2204460492503126e-16, -1.0, 0.0], [1.0, 0.0, 0.0, 3.33294], [0.0, -1.0, 2.220446049250313e-16, 2.669], [0.0, 0.0, 0.0, 1.0]], "opposite": "SOUTH"}, "NORTH_Q2_IN": {"matrix": [[0.0, -2.2204460492503126e-16, 1.0, -1.335], [1.0, 0.0, 0.0, 3.33294], [0.0, 1.0, 2.220446049250313e-16, 2.669], [0.0, 0.0, 0.0, 1.0]], "opposite": "SOUTH"}, "SOUTH_Q1": {"matrix": [[0.0, 2.2204460492503126e-16, 1.0, 1.335], [-1.0, 0.0, 0.0, 0.0], [0.0, -1.0, 2.220446049250313e-16, -2.669], [0.0, 0.0, 0.0, 1.0]], "opposite": "NORTH"}, "WEST": {"matrix": [[1.0, 0.0, 0.0, 2.669], [0.0, 1.0, 0.0, 1.5342177137312576], [0.0, 0.0, 1.0, 6.592436273144673e-17], [0.0, 0.0, 0.0, 1.0]], "opposite": "EAST"}, "SOUTH_Q2": {"matrix": [[0.0, 2.2204460492503126e-16, 1.0, -1.335], [-1.0, 0.0, 0.0, 0.0], [0.0, -1.0, 2.220446049250313e-16, -2.669], [0.0, 0.0, 0.0, 1.0]], "opposite": "NORTH"}, "SOUTH_C_Q1": {"matrix": [[-2.220446049250313e-16, 1.0, 0.0, 2.6690000000000005], [-1.0, -2.220446049250313e-16, 0.0, 0.0], [0.0, 0.0, 1.0, 1.3349999999999993], [0.0, 0.0, 0.0, 1.0]], "opposite": "NORTH"}, "SOUTH_C_Q2_IN": {"matrix": [[-1.0, 0.0, -3.216245299353273e-16, 2.6689999999999996], [0.0, 1.0, 0.0, 0.0], [3.216245299353273e-16, 0.0, -1.0, -1.3350000000000006], [0.0, 0.0, 0.0, 1.0]], "opposite": "NORTH"}, "SOUTH_C": {"matrix": [[-2.220446049250313e-16, 1.0, 0.0, 2.669], [-1.0, -2.220446049250313e-16, 0.0, 0.0], [0.0, 0.0, 1.0, -2.5550686851256898e-15], [0.0, 0.0, 0.0, 1.0]], "opposite": "NORTH"}, "SOUTH_IN": {"matrix": [[0.0, 0.0, -1.0, -1.962431634580781e-15], [0.0, 1.0, 0.0, 0.0], [1.0, 0.0, 0.0, -2.669], [0.0, 0.0, 0.0, 1.0]], "opposite": "NORTH"}, "NORTH_IN": {"matrix": [[0.0, -2.2204460492503126e-16, 1.0, 0.0], [1.0, 0.0, 0.0, 3.33294], [0.0, 1.0, 2.220446049250313e-16, 2.669], [0.0, 0.0, 0.0, 1.0]], "opposite": "SOUTH"}, "NORTH_Q2": {"matrix": [[0.0, -2.2204460492503126e-16, -1.0, -1.335], [1.0, 0.0, 0.0, 3.33294], [0.0, -1.0, 2.220446049250313e-16, 2.669], [0.0, 0.0, 0.0, 1.0]], "opposite": "SOUTH"}, "NORTH_Q1": {"matrix": [[0.0, -2.2204460492503126e-16, -1.0, 1.335], [1.0, 0.0, 0.0, 3.33294], [0.0, -1.0, 2.220446049250313e-16, 2.669], [0.0, 0.0, 0.0, 1.0]], "opposite": "SOUTH"}, "NORTH_Q1_IN": {"matrix": [[0.0, -2.2204460492503126e-16, 1.0, 1.335], [1.0, 0.0, 0.0, 3.33294], [0.0, 1.0, 2.220446049250313e-16, 2.669], [0.0, 0.0, 0.0, 1.0]], "opposite": "SOUTH"}, "SOUTH_C_Q2": {"matrix": [[-2.220446049250313e-16, 1.0, 0.0, 2.6689999999999996], [-1.0, -2.220446049250313e-16, 0.0, 0.0], [0.0, 0.0, 1.0, -1.3350000000000006], [0.0, 0.0, 0.0, 1.0]], "opposite": "NORTH"}, "SOUTH_Q1_IN": {"matrix": [[0.0, 0.0, -1.0, 1.335], [0.0, 1.0, 0.0, 0.0], [1.0, 0.0, 0.0, -2.669], [0.0, 0.0, 0.0, 1.0]], "opposite": "NORTH"}, "EAST": {"matrix": [[-1.0, 0.0, 1.2246467991473532e-16, -2.669], [0.0, 1.0, 0.0, 1.5342177137312576], [-1.2246467991473532e-16, 0.0, -1.0, 6.592436273144673e-17], [0.0, 0.0, 0.0, 1.0]], "opposite": "WEST"}, "CORNER": {"matrix": [[2.220446049250313e-16, 0.0, -1.0000000000000002, -5.267126878134618e-16], [0.0, 1.0, 0.0, 1.5342177137312576], [1.0000000000000002, 0.0, 2.220446049250313e-16, 2.669], [0.0, 0.0, 0.0, 1.0]], "opposite": "EAST"}, "SOUTH_Q2_IN": {"matrix": [[0.0, 0.0, -1.0, -1.335], [0.0, 1.0, 0.0, 0.0], [1.0, 0.0, 0.0, -2.669], [0.0, 0.0, 0.0, 1.0]], "opposite": "NORTH"}, "SOUTH": {"matrix": [[0.0, 2.2204460492503126e-16, 1.0, -1.962431634580781e-15], [-1.0, 0.0, 0.0, 0.0], [0.0, -1.0, 2.220446049250313e-16, -2.669], [0.0, 0.0, 0.0, 1.0]], "opposite": "NORTH"}}}, "CORRIDOR_L": {"parts": ["CORRIDORL", "CORRIDORL_WATER", "CORRIDORL_WATER", "CORRIDORL_WATER"], "snap_points": {"START": {"matrix": [[0.0, 0.0, 1.0, 7.438494264988557e-17], [0.0, 1.0, 0.0, 1.665], [-1.0, 0.0, 0.0, -2.0000000000000004], [0.0, 0.0, 0.0, 1.0]], "opposite": "END"}, "END": {"matrix": [[-1.0, 0.0, -1.2246467991473532e-16, -2.0], [0.0, 1.0, 0.0, 1.6649999999999998], [1.2246467991473532e-16, 0.0, -1.0, 0.0], [0.0, 0.0, 0.0, 1.0]], "opposite": "START"}}}, "RAMPS": {"parts": ["W_RAMP", "C_RAMP", "M_RAMP"], "snap_points": {"NORTH": {"matrix": [[0.0, 0.0, -1.0, 0.0], [0.0, 1.0, 0.0, 3.33294], [1.0, 0.0, 0.0, 2.669], [0.0, 0.0, 0.0, 1.0]], "opposite": "SOUTH"}, "NORTH_Q2_IN": {"matrix": [[0.0, 0.0, 1.0, -1.335], [0.0, 1.0, 0.0, 3.33294], [-1.0, 0.0, 0.0, 2.669], [0.0, 0.0, 0.0, 1.0]], "opposite": "SOUTH"}, "SOUTH_Q1": {"matrix": [[0.0, 0.0, 1.0, 1.335], [0.0, 1.0, 0.0, 0.0], [-1.0, 0.0, 0.0, -2.669], [0.0, 0.0, 0.0, 1.0]], "opposite": "NORTH"}, "WEST": {"matrix": [[1.0, 0.0, 0.0, 2.669], [0.0, 1.0, 0.0, 1.5342177137312576], [0.0, 0.0, 1.0, 6.592436273144673e-17], [0.0, 0.0, 0.0, 1.0]], "opposite": "EAST"}, "SOUTH_Q2": {"matrix": [[0.0, 0.0, 1.0, -1.335], [0.0, 1.0, 0.0, 0.0], [-1.0, 0.0, 0.0, -2.669], [0.0, 0.0, 0.0, 1.0]], "opposite": "NORTH"}, "SOUTH_IN": {"matrix": [[0.0, 0.0, -1.0, -1.962431634580781e-15], [0.0, 1.0, 0.0, 0.0], [1.0, 0.0, 0.0, -2.669], [0.0, 0.0, 0.0, 1.0]], "opposite": "NORTH"}, "NORTH_IN": {"matrix": [[0.0, 0.0, 1.0, 0.0], [0.0, 1.0, 0.0, 3.33294], [-1.0, 0.0, 0.0, 2.669], [0.0, 0.0, 0.0, 1.0]], "opposite": "SOUTH"}, "NORTH_Q2": {"matrix": [[0.0, 0.0, -1.0, -1.335], [0.0, 1.0, 0.0, 3.33294], [1.0, 0.0, 0.0, 2.669], [0.0, 0.0, 0.0, 1.0]], "opposite": "SOUTH"}, "NORTH_Q1": {"matrix": [[0.0, 0.0, -1.0, 1.335], [0.0, 1.0, 0.0, 3.33294], [1.0, 0.0, 0.0, 2.669], [0.0, 0.0, 0.0, 1.0]], "opposite": "SOUTH"}, "NORTH_Q1_IN": {"matrix": [[0.0, 0.0, 1.0, 1.335], [0.0, 1.0, 0.0, 3.33294], [-1.0, 0.0, 0.0, 2.669], [0.0, 0.0, 0.0, 1.0]], "opposite": "SOUTH"}, "SOUTH_Q1_IN": {"matrix": [[0.0, 0.0, -1.0, 1.335], [0.0, 1.0, 0.0, 0.0], [1.0, 0.0, 0.0, -2.669], [0.0, 0.0, 0.0, 1.0]], "opposite": "NORTH"}, "EAST": {"matrix": [[-1.0, 0.0, 1.2246467991473532e-16, -2.669], [0.0, 1.0, 0.0, 1.5342177137312576], [-1.2246467991473532e-16, 0.0, -1.0, 6.592436273144673e-17], [0.0, 0.0, 0.0, 1.0]], "opposite": "WEST"}, "SOUTH_Q2_IN": {"matrix": [[0.0, 0.0, -1.0, -1.335], [0.0, 1.0, 0.0, 0.0], [1.0, 0.0, 0.0, -2.669], [0.0, 0.0, 0.0, 1.0]], "opposite": "NORTH"}, "SOUTH": {"matrix": [[0.0, 0.0, 1.0, -1.962431634580781e-15], [0.0, 1.0, 0.0, 0.0], [-1.0, 0.0, 0.0, -2.669], [0.0, 0.0, 0.0, 1.0]], "opposite": "NORTH"}}}, "CORRIDOR_CORNER": {"parts": ["CORRIDORC"], "snap_points": {"START": {"matrix": [[0.0, 0.0, -1.0, -2.0], [0.0, 1.0, 0.0, 1.665], [1.0, 0.0, 0.0, 4.0], [0.0, 0.0, 0.0, 1.0]], "opposite": "END"}, "END": {"matrix": [[1.0, 0.0, 0.0, 4.0], [0.0, 1.0, 0.0, 1.665], [0.0, 0.0, 1.0, -2.0], [0.0, 0.0, 0.0, 1.0]], "opposite": "START"}}}, "FARMSMALL": {"parts": ["PLANTER"], "snap_points": {"POWER_D": {"matrix": [[1.0, 0.0, 0.0, -1.2657], [0.0, 1.0, 0.0, 0.3273], [0.0, 0.0, 1.0, 0.0], [0.0, 0.0, 0.0, 1.0]]}, "GENERIC270": {"matrix": [[-6.661338147750939e-16, 5.551115123125783e-17, -0.9999999999999999, 0.0], [-1.0, 0.0, 7.216449660063518e-16, 0.0], [-1.1102230246251565e-16, 1.0, 1.1102230246251565e-16, 0.0], [0.0, 0.0, 0.0, 1.0]]}, "GENERIC90": {"matrix": [[0.0, 0.0, 1.0, 0.0], [-1.0, 0.0, 0.0, 0.0], [0.0, -1.0, 0.0, 0.0], [0.0, 0.0, 0.0, 1.0]]}, "POWER_C": {"matrix": [[1.0, 0.0, 0.0, 0.0], [0.0, 1.0, 0.0, 0.3273], [0.0, 0.0, 1.0, -1.2657], [0.0, 0.0, 0.0, 1.0]]}, "POWER_B": {"matrix": [[1.0, 0.0, 0.0, 1.2657], [0.0, 1.0, 0.0, 0.3273], [0.0, 0.0, 1.0, 0.0], [0.0, 0.0, 0.0, 1.0]]}, "GENERIC135": {"matrix": [[0.0, 0.7071067811865474, 0.7071067811865476, 0.0], [-1.0, 2.220446049250313e-16, -1.6653345369377343e-16, 0.0], [-1.6653345369377343e-16, -0.7071067811865476, 0.7071067811865475, 0.0], [0.0, 0.0, 0.0, 1.0]]}, "GENERIC225": {"matrix": [[-8.881784197001252e-16, 0.7071067811865477, -0.7071067811865476, 0.0], [-1.0, -6.661338147750939e-16, 4.440892098500627e-16, 0.0], [-1.6653345369377353e-16, 0.7071067811865475, 0.7071067811865476, 0.0], [0.0, 0.0, 0.0, 1.0]]}, "GENERIC0": {"matrix": [[0.0, -1.0, 0.0, 0.0], [-1.0, 0.0, 1.2246467991473532e-16, 0.0], [-1.2246467991473532e-16, 0.0, -1.0, 0.0], [0.0, 0.0, 0.0, 1.0]]}, "GENERIC45": {"matrix": [[-4.440892098500626e-16, -0.7071067811865476, 0.7071067811865476, 0.0], [-1.0000000000000002, 2.220446049250313e-16, -1.6653345369377353e-16, 0.0], [-1.6653345369377353e-16, -0.7071067811865476, -0.7071067811865479, 0.0], [0.0, 0.0, 0.0, 1.0]]}, "POWER_A": {"matrix": [[1.0, 0.0, 0.0, 0.0], [0.0, 1.0, 0.0, 0.3273], [0.0, 0.0, 1.0, 1.2657], [0.0, 0.0, 0.0, 1.0]]}, "GENERIC315": {"matrix": [[-2.220446049250313e-16, -0.7071067811865474, -0.7071067811865477, 0.0], [-1.0, 2.220446049250313e-16, 3.3306690738754686e-16, 0.0], [-1.1102230246251563e-16, 0.7071067811865477, -0.707106781186547, 0.0], [0.0, 0.0, 0.0, 1.0]]}, "GENERIC180": {"matrix": [[0.0, 1.0, 1.2246467991473532e-16, 0.0], [-1.0, 0.0, -1.2246467991473532e-16, 0.0], [-1.2246467991473532e-16, -1.2246467991473532e-16, 1.0, 0.0], [0.0, 0.0, 0.0, 1.0]]}}}, "CORRIDOR_T": {"parts": ["CORRIDORT", "CORRIDORT_WATER", "CORRIDORT_WATER"], "snap_points": {"START": {"matrix": [[0.0, 0.0, 1.0, 0.0], [0.0, 1.0, 0.0, 1.665], [-1.0, 0.0, 0.0, -2.0], [0.0, 0.0, 0.0, 1.0]], "opposite": "END"}, "END": {"matrix": [[0.0, 0.0, -1.0, 0.0], [0.0, 1.0, 0.0, 1.665], [1.0, 0.0, 0.0, 2.0], [0.0, 0.0, 0.0, 1.0]], "opposite": "START"}, "MID": {"matrix": [[-1.0, 0.0, -1.2246467991473532e-16, -2.0], [0.0, 1.0, 0.0, 1.665], [1.2246467991473532e-16, 0.0, -1.0, 0.0], [0.0, 0.0, 0.0, 1.0]], "opposite": "END"}}}, "CORRIDOR_V": {"parts": ["CORRIDORV_WATER", "CORRIDORV_WATER", "CORRIDORV_WATER"], "snap_points": {"START": {"matrix": [[0.0, -1.0, 0.0, 0.0], [-1.0, 0.0, -1.2246467991473532e-16, 0.0], [1.2246467991473532e-16, 0.0, -1.0, 0.0], [0.0, 0.0, 0.0, 1.0]], "opposite": "END"}, "END": {"matrix": [[0.0, -1.0, 0.0, 9.232919305303728e-16], [1.0, 0.0, 0.0, 4.0], [0.0, 0.0, 1.0, 0.0], [0.0, 0.0, 0.0, 1.0]], "opposite": "START"}}}, "GENERATORS": {"parts": ["U_BIOGENERATOR"], "snap_points": {"POWER_A": {"matrix": [[1.0, 0.0, 0.0, 0.0], [0.0, 1.0, 0.0, 0.3285], [0.0, 0.0, 1.0, 0.7893], [0.0, 0.0, 0.0, 1.0]]}, "POWER_B": {"matrix": [[1.0, 0.0, 0.0, 0.0], [0.0, 1.0, 0.0, 0.3285], [0.0, 0.0, 1.0, -0.7893], [0.0, 0.0, 0.0, 1.0]]}}}, "CUBEWINDOWS": {"parts": ["CUBEWINDOWOVAL", "CUBEWINDOWSMALL", "BUILDTERMINAL"], "snap_points": {"ATTACH": {"matrix": [[2.220446049250313e-16, 0.0, 1.0000000000000002, -7.676211198530019e-16], [0.0, 1.0, 0.0, 2.000000000000001], [-1.0000000000000002, 0.0, 2.220446049250313e-16, 0.0], [0.0, 0.0, 0.0, 1.0]], "opposite": "SOUTH"}}}, "FLOORLOGIC": {"parts": ["U_SWITCHPRESS"], "snap_points": {"POWER_A": {"matrix": [[1.0, 0.0, 0.0, 0.4698], [0.0, 1.0, 0.0, 0.1213], [0.0, 0.0, 1.0, -2.2826], [0.0, 0.0, 0.0, 1.0]]}, "POWER_B": {"matrix": [[1.0, 0.0, 0.0, -0.4865], [0.0, 1.0, 0.0, 0.1203], [0.0, 0.0, 1.0, -2.2804], [0.0, 0.0, 0.0, 1.0]]}}}, "EXO": {"parts": ["SUMMON_GARAGE", "GARAGE_M", "GARAGE_S", "GARAGE_L", "GARAGE_SUB", "RACE_RAMP", "GARAGE_B"], "snap_points": {}}, "LIGHT_CUBES": {"parts": ["LIGHTBOX"], "snap_points": {"POWER_A": {"matrix": [[1.0, 0.0, 0.0, 0.5815], [0.0, 1.0, 0.0, 0.38], [0.0, 0.0, 1.0, 0.0], [0.0, 0.0, 0.0, 1.0]], "opposite": "NORTH"}, "TOP": {"matrix": [[-1.170175067954915e-13, -1.0, 0.0, 2.4480702302675267e-14], [1.0, -1.170175067954915e-13, 0.0, 0.76], [0.0, 0.0, 1.0, 0.0], [0.0, 0.0, 0.0, 1.0]], "opposite": "BOTTOM"}, "NORTH": {"matrix": [[2.220446049250313e-16, 0.0, 1.0000000000000002, -9.98602578035155e-17], [0.0, 1.0, 0.0, 0.38000000000000017], [-1.0000000000000002, 0.0, 2.220446049250313e-16, -0.38], [0.0, 0.0, 0.0, 1.0]], "opposite": "SOUTH"}, "SOUTH": {"matrix": [[2.220446049250313e-16, 0.0, -1.0000000000000002, 0.0], [0.0, 1.0, 0.0, 0.38000000000000017], [1.0000000000000002, 0.0, 2.220446049250313e-16, 0.38], [0.0, 0.0, 0.0, 1.0]], "opposite": "NORTH"}, "BOTTOM": {"matrix": [[8.459899447643693e-14, 1.0, 0.0, 1.2217259430772855e-13], [-1.0, 8.459899447643693e-14, 0.0, 0.0], [0.0, 0.0, 1.0, 0.0], [0.0, 0.0, 0.0, 1.0]], "opposite": "TOP"}}}, "CORRIDOR_X": {"parts": ["CORRIDORX", "CORRIDORX_WATER"], "snap_points": {"START": {"matrix": [[0.0, 0.0, 1.0, 0.0], [0.0, 1.0, 0.0, 1.665], [-1.0, 0.0, 0.0, -2.0], [0.0, 0.0, 0.0, 1.0]], "opposite": "END"}, "RIGHT": {"matrix": [[-1.0, 0.0, -1.2246467991473532e-16, -2.0], [0.0, 1.0, 0.0, 1.665], [1.2246467991473532e-16, 0.0, -1.0, 0.0], [0.0, 0.0, 0.0, 1.0]], "opposite": "LEFT"}, "END": {"matrix": [[0.0, 0.0, -1.0, 0.0], [0.0, 1.0, 0.0, 1.665], [1.0, 0.0, 0.0, 2.0], [0.0, 0.0, 0.0, 1.0]], "opposite": "START"}, "LEFT": {"matrix": [[1.0, 0.0, 0.0, 2.0], [0.0, 1.0, 0.0, 1.665], [0.0, 0.0, 1.0, 0.0], [0.0, 0.0, 0.0, 1.0]], "opposite": "RIGHT"}}}, "LOGIC3": {"parts": ["U_TRANSISTOR2", "U_TRANSISTOR1"], "snap_points": {"POWER_A": {"matrix": [[1.0, 0.0, 0.0, -0.3542], [0.0, 1.0, 0.0, 0.1448], [0.0, 0.0, 1.0, 0.0], [0.0, 0.0, 0.0, 1.0]]}, "POWER_C": {"matrix": [[1.0, 0.0, 0.0, -0.0029], [0.0, 1.0, 0.0, 0.1347], [0.0, 0.0, 1.0, 0.3508], [0.0, 0.0, 0.0, 1.0]]}, "POWER_B": {"matrix": [[1.0, 0.0, 0.0, 0.3542], [0.0, 1.0, 0.0, 0.1448], [0.0, 0.0, 1.0, 0.0], [0.0, 0.0, 0.0, 1.0]]}}}, "EXP_WALLTALL": {"parts": ["WALLDOOR", "WALLDOOR", "WALLTALL"], "snap_points": {"EAST_IN": {"matrix": [[0.0, 0.9999861024598631, 0.00527208565299786, 2.0], [0.0, 0.005272085652997749, -0.9999861024598631, 1.5], [-1.0, 0.0, 0.0, 2.507510596355518e-16], [0.0, 0.0, 0.0, 1.0]], "opposite": "WEST"}, "TOP": {"matrix": [[0.0, -7.771561172376096e-16, 1.0, 0.0], [1.0, 0.0, 0.0, 3.0], [0.0, 1.0, 6.661338147750939e-16, 3.923293477016353e-16], [0.0, 0.0, 0.0, 1.0]], "opposite": "BOTTOM"}, "TOP_Q2_IN": {"matrix": [[0.0, 0.0, 1.0, 2.0], [0.0, 1.0, 0.0, 3.0], [-1.0, 0.0, 0.0, 1.2979547016271823e-17], [0.0, 0.0, 0.0, 1.0]], "opposite": "BOTTOM"}, "MIDDLE_IN": {"matrix": [[0.0, 0.0, 1.0, 3.8435693724848687e-17], [0.0, 1.0, 0.0, 1.5], [-1.0, 0.0, 0.0, -0.15], [0.0, 0.0, 0.0, 1.0]]}, "BOTTOM_Q2": {"matrix": [[4.440892098500626e-16, 4.440892098500626e-16, -1.0, 2.0], [-1.0, 0.0, -4.440892098500626e-16, -7.402946399743017e-17], [0.0, 1.0, 4.440892098500626e-16, 8.365061316862152e-16], [0.0, 0.0, 0.0, 1.0]], "opposite": "TOP"}, "EAST_OUT": {"matrix": [[0.0, -0.999986102459863, 0.005272085652996195, 2.0], [0.0, -0.005272085652996195, -0.999986102459863, 1.5], [1.0, 0.0, 0.0, 4.450101877749757e-32], [0.0, 0.0, 0.0, 1.0]], "opposite": "WEST"}, "BOTTOM_Q1": {"matrix": [[4.440892098500626e-16, 4.440892098500626e-16, -1.0, -2.0], [-1.0, 0.0, -4.440892098500626e-16, -7.402946399743017e-17], [0.0, 1.0, 4.440892098500626e-16, 8.365061316862152e-16], [0.0, 0.0, 0.0, 1.0]], "opposite": "TOP"}, "WEST_OUT": {"matrix": [[0.0, 1.0, 3.3306690738754696e-16, -2.0], [0.0, -4.440892098500626e-16, 1.0, 1.5], [1.0, 0.0, 0.0, 0.0], [0.0, 0.0, 0.0, 1.0]], "opposite": "EAST"}, "GENERICA": {"matrix": [[0.0, -1.0, 0.0, 5.763871202522532e-17], [1.0, 0.0, 0.0, 0.2595816819989202], [0.0, 0.0, 1.0, 2.0], [0.0, 0.0, 0.0, 1.0]], "opposite": ""}, "GENERICB": {"matrix": [[2.220446049250313e-16, 1.0000000000000002, 1.2246467991473535e-16, 5.763871202522532e-17], [1.0000000000000002, -4.440892098500626e-16, -3.697785493223493e-32, 0.2595816819989202], [-1.232595164407831e-32, 1.2246467991473535e-16, -1.0, -2.0], [0.0, 0.0, 0.0, 1.0]], "opposite": ""}, "BOTTOM_Q2_OUT": {"matrix": [[0.0, -1.5700924586837752e-16, -1.0, 2.0], [0.0, 1.0, -1.5700924586837752e-16, -7.402946399743017e-17], [1.0, 0.0, 0.0, 8.365061316862152e-16], [0.0, 0.0, 0.0, 1.0]], "opposite": "TOP"}, "TOP_IN": {"matrix": [[0.0, -1.0990647210786423e-15, 1.0, 0.0], [0.0, 1.0, 1.0990647210786423e-15, 3.0], [-1.0, 0.0, 0.0, 3.923293477016353e-16], [0.0, 0.0, 0.0, 1.0]], "opposite": "BOTTOM"}, "TOP_Q1_IN": {"matrix": [[0.0, 0.0, 1.0, -2.0], [0.0, 1.0, 0.0, 3.0], [-1.0, 0.0, 0.0, 1.2979547016271823e-17], [0.0, 0.0, 0.0, 1.0]], "opposite": "BOTTOM"}, "BOTTOM_IN": {"matrix": [[0.0, -2.355138688025662e-15, 1.0, 0.0], [0.0, 1.0, 2.355138688025662e-15, 0.0], [-1.0, 0.0, 0.0, 3.923293477016353e-16], [0.0, 0.0, 0.0, 1.0]], "opposite": "TOP"}, "BOTTOM_Q2_IN": {"matrix": [[2.220446049250313e-16, 0.0, 1.0000000000000002, 2.0], [0.0, 1.0, 0.0, -7.402946399743017e-17], [-1.0000000000000002, 0.0, 2.220446049250313e-16, 8.365061316862152e-16], [0.0, 0.0, 0.0, 1.0]], "opposite": "TOP"}, "BOTTOM_OUT": {"matrix": [[4.440892098500626e-16, 0.0, -1.0, 0.0], [0.0, 1.0, 0.0, 0.0], [1.0, 0.0, 4.440892098500626e-16, 3.923293477016353e-16], [0.0, 0.0, 0.0, 1.0]], "opposite": "TOP"}, "TOP_Q1_OUT": {"matrix": [[7.771561172376096e-16, 0.0, -1.0, -2.0], [0.0, 1.0, 0.0, 3.0], [1.0, 0.0, 7.771561172376096e-16, 1.2979547016271823e-17], [0.0, 0.0, 0.0, 1.0]], "opposite": "BOTTOM"}, "EAST": {"matrix": [[0.999986102459863, 0.0, 0.005272085652996796, 2.0], [0.005272085652996796, 0.0, -0.9999861024598629, 1.5], [0.0, 1.0, 0.0, 5.694647396678384e-16], [0.0, 0.0, 0.0, 1.0]], "opposite": "WEST"}, "TOP_Q2_OUT": {"matrix": [[7.771561172376096e-16, 0.0, -1.0, 2.0], [0.0, 1.0, 0.0, 3.0], [1.0, 0.0, 7.771561172376096e-16, 1.2979547016271823e-17], [0.0, 0.0, 0.0, 1.0]], "opposite": "BOTTOM"}, "TOP_OUT": {"matrix": [[4.440892098500626e-16, 0.0, -1.0, 0.0], [0.0, 1.0, 0.0, 3.0], [1.0, 0.0, 4.440892098500626e-16, 3.923293477016353e-16], [0.0, 0.0, 0.0, 1.0]], "opposite": "BOTTOM"}, "WEST_IN": {"matrix": [[0.0, -1.0, -2.2204460492503126e-16, -2.0], [0.0, -2.220446049250313e-16, 1.0, 1.5], [-1.0, 0.0, 0.0, 0.0], [0.0, 0.0, 0.0, 1.0]], "opposite": "EAST"}, "MIDDLE_OUT": {"matrix": [[0.0, 0.0, -1.0, 3.699736874334352e-17], [0.0, 1.0, 0.0, 1.5], [1.0, 0.0, 0.0, 0.15], [0.0, 0.0, 0.0, 1.0]]}, "BOTTOM_Q1_IN": {"matrix": [[2.220446049250313e-16, 0.0, 1.0000000000000002, -2.0], [0.0, 1.0, 0.0, -7.402946399743017e-17], [-1.0000000000000002, 0.0, 2.220446049250313e-16, 8.365061316862152e-16], [0.0, 0.0, 0.0, 1.0]], "opposite": "TOP"}, "TOP_Q1": {"matrix": [[0.0, -7.771561172376096e-16, 1.0, 2.0], [1.0, 0.0, 0.0, 3.0], [0.0, 1.0, 6.661338147750939e-16, 1.2979547016271823e-17], [0.0, 0.0, 0.0, 1.0]], "opposite": "BOTTOM"}, "TOP_Q2": {"matrix": [[0.0, -7.771561172376096e-16, 1.0, -2.0], [1.0, 0.0, 0.0, 3.0], [0.0, 1.0, 6.661338147750939e-16, 1.2979547016271823e-17], [0.0, 0.0, 0.0, 1.0]], "opposite": "BOTTOM"}, "BOTTOM_Q1_OUT": {"matrix": [[0.0, -1.5700924586837752e-16, -1.0, -2.0], [0.0, 1.0, -1.5700924586837752e-16, -7.402946399743017e-17], [1.0, 0.0, 0.0, 8.365061316862152e-16], [0.0, 0