{"HALF_WALLS": {"parts": ["W_WALL_H", "C_WALL_H", "C_WALL_H", "M_WALL_H", "M_WALL_H"], "snap_points": {"TOP_OUT": {"matrix": [[4.440892098500626e-16, 0.0, -1.0, 0.0], [0.0, 1.0, 0.0, 3.33], [1.0, 0.0, 4.440892098500626e-16, 3.923293477016353e-16], [0.0, 0.0, 0.0, 1.0]], "opposite": "BOTTOM"}, "EAST_IN": {"matrix": [[0.0, 0.9999861024598631, 0.005272085652997805, 1.335], [-5.551115123125784e-17, 0.005272085652997638, -0.9999861024598631, 1.665], [-1.0000000000000002, 1.6653345369377353e-16, 0.0, 0.0], [0.0, 0.0, 0.0, 1.0]], "opposite": "WEST"}, "BOTTOM": {"matrix": [[0.0, 7.216449660063519e-16, -1.0000000000000002, 0.0], [-1.0000000000000002, 0.0, -1.1102230246251568e-16, 0.0], [5.551115123125784e-17, 1.0, 5.551115123125783e-16, 3.923293477016353e-16], [0.0, 0.0, 0.0, 1.0]], "opposite": "TOP"}, "WEST": {"matrix": [[-1.0, -2.465190328815662e-32, 1.2246467991473532e-16, -1.335], [1.2246467991473532e-16, -2.220446049250313e-16, 1.0, 1.665], [0.0, 1.0, 2.220446049250313e-16, 0.0], [0.0, 0.0, 0.0, 1.0]], "opposite": "EAST"}, "TOP": {"matrix": [[0.0, -7.216449660063519e-16, 1.0000000000000002, 0.0], [1.0000000000000002, 0.0, -1.1102230246251568e-16, 3.33], [-5.551115123125784e-17, 1.0, 5.551115123125783e-16, 3.923293477016353e-16], [0.0, 0.0, 0.0, 1.0]], "opposite": "BOTTOM"}, "TOP_IN": {"matrix": [[0.0, -1.2560739669470201e-15, 1.0, 0.0], [1.5700924586837762e-16, 1.0, 1.2560739669470201e-15, 3.33], [-1.0, 1.5700924586837762e-16, 0.0, 3.923293477016353e-16], [0.0, 0.0, 0.0, 1.0]], "opposite": "BOTTOM"}, "BOTTOM_IN": {"matrix": [[0.0, -2.3551386880256627e-15, 1.0, 0.0], [-1.5700924586837762e-16, 1.0, 2.3551386880256627e-15, 0.0], [-1.0, -1.5700924586837762e-16, 0.0, 3.923293477016353e-16], [0.0, 0.0, 0.0, 1.0]], "opposite": "TOP"}, "BOTTOM_OUT": {"matrix": [[4.440892098500626e-16, 0.0, -1.0, 0.0], [0.0, 1.0, 0.0, 0.0], [1.0, 0.0, 4.440892098500626e-16, 3.923293477016353e-16], [0.0, 0.0, 0.0, 1.0]], "opposite": "TOP"}, "GENERICB": {"matrix": [[2.220446049250313e-16, 1.0000000000000002, 1.2246467991473535e-16, 5.763871202522532e-17], [1.0000000000000002, -4.440892098500626e-16, -3.697785493223493e-32, 0.2595816819989202], [-1.232595164407831e-32, 1.2246467991473535e-16, -1.0, -2.0], [0.0, 0.0, 0.0, 1.0]], "opposite": ""}, "EAST_OUT": {"matrix": [[2.220446049250313e-16, -0.9999861024598629, 0.005272085652996306, 1.335], [1.1102230246251565e-16, -0.005272085652996195, -0.9999861024598629, 1.665], [0.9999999999999999, 1.1102230246251565e-16, 2.220446049250313e-16, 0.0], [0.0, 0.0, 0.0, 1.0]], "opposite": "WEST"}, "GENERICA": {"matrix": [[2.220446049250313e-16, -1.0, 0.0, 5.763871202522532e-17], [1.0, 2.220446049250313e-16, 0.0, 0.2595816819989202], [0.0, 0.0, 1.0, 2.0], [0.0, 0.0, 0.0, 1.0]], "opposite": ""}, "EAST": {"matrix": [[0.999986102459863, -8.673617379884035e-19, 0.005272085652996796, 1.335], [0.005272085652996796, 1.1102230246251565e-16, -0.999986102459863, 1.665], [0.0, 1.0, 1.1102230246251565e-16, 0.0], [0.0, 0.0, 0.0, 1.0]], "opposite": "WEST"}, "WEST_OUT": {"matrix": [[0.0, 1.0, 4.440892098500626e-16, -1.335], [5.551115123125783e-17, -4.440892098500626e-16, 1.0, 1.665], [1.0, 5.551115123125783e-17, 0.0, 0.0], [0.0, 0.0, 0.0, 1.0]], "opposite": "EAST"}, "WEST_IN": {"matrix": [[-2.220446049250313e-16, -1.0, -2.7755575615628914e-16, -1.335], [-1.1102230246251565e-16, -4.440892098500626e-16, 1.0, 1.665], [-1.0000000000000002, 1.1102230246251565e-16, -2.220446049250313e-16, 0.0], [0.0, 0.0, 0.0, 1.0]], "opposite": "EAST"}}}, "FARM": {"parts": ["PLANTERMEGA", "PLANTER"], "snap_points": {"GENERIC322": {"matrix": [[-6.661338147750939e-16, 5.551115123125783e-17, -0.9999999999999999, 0.0], [-1.0, 0.0, 7.216449660063518e-16, 0.0], [-1.1102230246251565e-16, 1.0, 1.1102230246251565e-16, 0.0], [0.0, 0.0, 0.0, 1.0]]}, "GENERIC323": {"matrix": [[-2.220446049250313e-16, -0.7071067811865474, -0.7071067811865477, 0.0], [-1.0, 2.220446049250313e-16, 3.3306690738754686e-16, 0.0], [-1.1102230246251563e-16, 0.7071067811865477, -0.707106781186547, 0.0], [0.0, 0.0, 0.0, 1.0]]}, "GENERIC320": {"matrix": [[-2.220446049250313e-16, 1.0, 1.2246467991473527e-16, 0.0], [-1.0, -2.220446049250313e-16, -1.2246467991473535e-16, 0.0], [-1.2246467991473532e-16, -1.224646799147353e-16, 1.0, 0.0], [0.0, 0.0, 0.0, 1.0]]}, "GENERIC321": {"matrix": [[-8.881784197001252e-16, 0.7071067811865477, -0.7071067811865476, 0.0], [-1.0, -6.661338147750939e-16, 4.440892098500627e-16, 0.0], [-1.6653345369377353e-16, 0.7071067811865475, 0.7071067811865476, 0.0], [0.0, 0.0, 0.0, 1.0]]}, "PLANTA": {"matrix": [[2.220446049250313e-16, -1.0, 0.0, -1.0], [1.0, 2.220446049250313e-16, 0.0, 0.5], [0.0, 0.0, 1.0, 1.0], [0.0, 0.0, 0.0, 1.0]]}, "PLANTC": {"matrix": [[2.220446049250313e-16, -1.0, 0.0, 1.0], [1.0, 2.220446049250313e-16, 0.0, 0.5], [0.0, 0.0, 1.0, -1.0], [0.0, 0.0, 0.0, 1.0]]}, "PLANTB": {"matrix": [[2.220446049250313e-16, -1.0, 0.0, 1.0], [1.0, 2.220446049250313e-16, 0.0, 0.5], [0.0, 0.0, 1.0, 0.9999999999999999], [0.0, 0.0, 0.0, 1.0]]}, "GENERIC319": {"matrix": [[-2.220446049250313e-16, 0.7071067811865475, 0.7071067811865477, 0.0], [-1.0, 0.0, -2.7755575615628914e-16, 0.0], [-1.6653345369377348e-16, -0.7071067811865477, 0.7071067811865475, 0.0], [0.0, 0.0, 0.0, 1.0]]}, "GENERIC318": {"matrix": [[0.0, -1.1102230246251565e-16, 0.9999999999999999, 0.0], [-0.9999999999999999, 2.220446049250313e-16, -1.1102230246251565e-16, 0.0], [-1.1102230246251565e-16, -0.9999999999999999, 0.0, 0.0], [0.0, 0.0, 0.0, 1.0]]}, "PLANTD": {"matrix": [[2.220446049250313e-16, -1.0, 0.0, -1.0], [1.0, 2.220446049250313e-16, 0.0, 0.5], [0.0, 0.0, 1.0, -0.9999999999999999], [0.0, 0.0, 0.0, 1.0]]}, "GENERIC317": {"matrix": [[-4.440892098500626e-16, -0.7071067811865476, 0.7071067811865476, 0.0], [-1.0000000000000002, 2.220446049250313e-16, -1.6653345369377353e-16, 0.0], [-1.6653345369377353e-16, -0.7071067811865476, -0.7071067811865479, 0.0], [0.0, 0.0, 0.0, 1.0]]}, "GENERIC316": {"matrix": [[-2.220446049250313e-16, -1.0, 2.465190328815662e-32, 0.0], [-1.0, 2.220446049250313e-16, 1.2246467991473532e-16, 0.0], [-1.2246467991473532e-16, 0.0, -1.0, 0.0], [0.0, 0.0, 0.0, 1.0]]}}}, "CORRIDOR_RAMPS": {"parts": ["BUILDRAMP"], "snap_points": {"START": {"matrix": [[2.220446049250313e-16, 0.0, 1.0, -2.2823433895105074e-16], [0.0, 1.0, 0.0, 0.0], [-1.0, 0.0, 2.220446049250313e-16, -1.0], [0.0, 0.0, 0.0, 1.0]], "opposite": "END"}, "END": {"matrix": [[2.220446049250313e-16, 0.0, -1.0, 2.265567204214089e-16], [0.0, 1.0, 0.0, 0.0], [1.0, 0.0, 2.220446049250313e-16, 1.0], [0.0, 0.0, 0.0, 1.0]], "opposite": "START"}}}, "PROPS": {"parts": ["FLAG1", "FLAG2", "FLAG3", "FLAG4", "BUILDTABLE", "BUILDTABLE2", "BUILDWORKTOP", "CEILINGLIGHT", "CURVEDDESK", "LARGEDESK", "MONITORDESKsh", "ROBOTICARM", "ROOFMONITOR", "SHELFPANEL", "STATUE_ATLAS_G", "STATUE_BLOB_B", "STATUE_BLOB_G", "STATUE_BLOB_S", "STATUE_WALK_G", "WEAPONRACK", "BASE_TREE01", "BASE_TREE02", "BUILDCHAIR1", "BUILDCHAIR2", "BUILDCHAIR3", "BUILDLOCKER", "BUILDSIMPLEDESK", "BUILDSOFA", "BUILDSOFA2", "BUILDSOFA2L", "PLANTPOT", "PLANTPOT1", "PLANTPOT2", "PLANTPOT3", "BP_ANALYSER", "BUILD_REFINER1", "BUILD_REFINER2", "BUILD_REFINER3", "BUILDBEACON", "BUILDLANDINGPAD", "BUILDSAVE", "BUILDSIGNAL", "MESSAGEMODULE", "TELEPORTER", "BASE_FLAG", "BASECAPSULE", "NPCSCIENCETERM", "BUILDLCRATE", "BUILDAMCRATE", "BUILDLIGHT3", "BUILDLIGHT1", "BUILDLIGHT2", "MOONPOOL", "CARBONPLANTER", "CORNERPOST"], "snap_points": {"GENERIC270": {"matrix": [[-6.661338147750939e-16, 5.551115123125783e-17, -0.9999999999999999, 0.0], [-1.0, 0.0, 7.216449660063518e-16, 0.0], [-1.1102230246251565e-16, 1.0, 1.1102230246251565e-16, 0.0], [0.0, 0.0, 0.0, 1.0]]}, "GENERIC90": {"matrix": [[0.0, -1.1102230246251565e-16, 0.9999999999999999, 0.0], [-0.9999999999999999, 2.220446049250313e-16, -1.1102230246251565e-16, 0.0], [-1.1102230246251565e-16, -0.9999999999999999, 0.0, 0.0], [0.0, 0.0, 0.0, 1.0]]}, "GENERIC135": {"matrix": [[-2.220446049250313e-16, 0.7071067811865475, 0.7071067811865477, 0.0], [-1.0, 0.0, -2.7755575615628914e-16, 0.0], [-1.6653345369377348e-16, -0.7071067811865477, 0.7071067811865475, 0.0], [0.0, 0.0, 0.0, 1.0]]}, "GENERIC225": {"matrix": [[-8.881784197001252e-16, 0.7071067811865477, -0.7071067811865476, 0.0], [-1.0, -6.661338147750939e-16, 4.440892098500627e-16, 0.0], [-1.6653345369377353e-16, 0.7071067811865475, 0.7071067811865476, 0.0], [0.0, 0.0, 0.0, 1.0]]}, "GENERIC0": {"matrix": [[-2.220446049250313e-16, -1.0, 2.465190328815662e-32, 0.0], [-1.0, 2.220446049250313e-16, 1.2246467991473532e-16, 0.0], [-1.2246467991473532e-16, 0.0, -1.0, 0.0], [0.0, 0.0, 0.0, 1.0]]}, "GENERIC45": {"matrix": [[-4.440892098500626e-16, -0.7071067811865476, 0.7071067811865476, 0.0], [-1.0000000000000002, 2.220446049250313e-16, -1.6653345369377353e-16, 0.0], [-1.6653345369377353e-16, -0.7071067811865476, -0.7071067811865479, 0.0], [0.0, 0.0, 0.0, 1.0]]}, "GENERIC315": {"matrix": [[-2.220446049250313e-16, -0.7071067811865474, -0.7071067811865477, 0.0], [-1.0, 2.220446049250313e-16, 3.3306690738754686e-16, 0.0], [-1.1102230246251563e-16, 0.7071067811865477, -0.707106781186547, 0.0], [0.0, 0.0, 0.0, 1.0]]}, "GENERIC180": {"matrix": [[-2.220446049250313e-16, 1.0, 1.2246467991473527e-16, 0.0], [-1.0, -2.220446049250313e-16, -1.2246467991473535e-16, 0.0], [-1.2246467991473532e-16, -1.224646799147353e-16, 1.0, 0.0], [0.0, 0.0, 0.0, 1.0]]}}}, "FLOORS": {"parts": ["W_FLOOR", "M_FLOOR", "C_FLOOR", "W_GFLOOR", "W_GFLOOR", "C_GFLOOR", "C_GFLOOR", "M_GFLOOR", "M_GFLOOR"], "snap_points": {"WEST_UP": {"matrix": [[-2.220446049250313e-16, 1.0, 2.465190328815662e-32, -2.66895], [1.0, 2.220446049250313e-16, -1.2246467991473532e-16, 0.0], [-1.2246467991473532e-16, 0.0, -1.0, 0.0], [0.0, 0.0, 0.0, 1.0]]}, "WEST_UP_Q1": {"matrix": [[2.220446049250313e-16, 1.0, -2.465190328815662e-32, -2.66895], [1.0, -2.220446049250313e-16, -1.2246467991473532e-16, 0.0], [-1.2246467991473532e-16, 0.0, -1.0, 1.335], [0.0, 0.0, 0.0, 1.0]], "opposite": "EAST_UP_Q1"}, "GENERIC": {"matrix": [[2.220446049250313e-16, -1.0, 0.0, 5.763871202522532e-17], [1.0, 2.220446049250313e-16, 0.0, 0.2595816819989202], [0.0, 0.0, 1.0, 0.0], [0.0, 0.0, 0.0, 1.0]], "opposite": ""}, "EAST_UP": {"matrix": [[-2.220446049250313e-16, -1.0, 1.2246467991473535e-16, 2.66895], [1.0, -2.220446049250313e-16, -1.2246467991473527e-16, 0.0], [1.224646799147353e-16, 1.2246467991473532e-16, 1.0, 0.0], [0.0, 0.0, 0.0, 1.0]]}, "NORTH_Q2": {"matrix": [[2.220446049250313e-16, 0.0, 1.0, 1.335], [0.0, 1.0, 0.0, 0.0], [-1.0, 0.0, 2.220446049250313e-16, -2.66895], [0.0, 0.0, 0.0, 1.0]], "opposite": "SOUTH_Q2"}, "NORTH_Q1": {"matrix": [[2.220446049250313e-16, 0.0, 1.0, -1.335], [0.0, 1.0, 0.0, 0.0], [-1.0, 0.0, 2.220446049250313e-16, -2.66895], [0.0, 0.0, 0.0, 1.0]], "opposite": "SOUTH_Q1"}, "SOUTH": {"matrix": [[2.220446049250313e-16, 0.0, -1.0, 0.0], [0.0, 1.0, 0.0, 0.0], [1.0, 0.0, 2.220446049250313e-16, 2.66895], [0.0, 0.0, 0.0, 1.0]], "opposite": "NORTH"}, "NORTH": {"matrix": [[2.220446049250313e-16, 0.0, 1.0, 0.0], [0.0, 1.0, 0.0, 0.0], [-1.0, 0.0, 2.220446049250313e-16, -2.66895], [0.0, 0.0, 0.0, 1.0]], "opposite": "SOUTH"}, "SOUTH_UP": {"matrix": [[2.220446049250313e-16, -2.220446049250313e-16, -1.0, 0.0], [1.0, 0.0, 2.220446049250313e-16, 0.0], [0.0, -1.0, 2.220446049250313e-16, 2.66895], [0.0, 0.0, 0.0, 1.0]]}, "SOUTH_UP_Q1": {"matrix": [[0.0, -3.3306690738754696e-16, -1.0, 1.335], [1.0, -2.220446049250313e-16, 1.1102230246251565e-16, 0.0], [-1.1102230246251565e-16, -1.0, 2.220446049250313e-16, 2.66895], [0.0, 0.0, 0.0, 1.0]], "opposite": "NORTH_UP_Q1"}, "SOUTH_UP_Q2": {"matrix": [[0.0, -3.3306690738754696e-16, -1.0, -1.335], [1.0, -2.220446049250313e-16, 1.1102230246251565e-16, 0.0], [-1.1102230246251565e-16, -1.0, 2.220446049250313e-16, 2.66895], [0.0, 0.0, 0.0, 1.0]], "opposite": "NORTH_UP_Q2"}, "EAST": {"matrix": [[1.0, 0.0, 0.0, 2.66895], [0.0, 1.0, 0.0, 0.0], [0.0, 0.0, 1.0, 0.0], [0.0, 0.0, 0.0, 1.0]], "opposite": "WEST"}, "SOUTH_Q1": {"matrix": [[2.220446049250313e-16, 0.0, -1.0, 1.335], [0.0, 1.0, 0.0, 0.0], [1.0, 0.0, 2.220446049250313e-16, 2.66895], [0.0, 0.0, 0.0, 1.0]], "opposite": "NORTH_Q1"}, "SOUTH_Q2": {"matrix": [[2.220446049250313e-16, 0.0, -1.0, -1.335], [0.0, 1.0, 0.0, 0.0], [1.0, 0.0, 2.220446049250313e-16, 2.66895], [0.0, 0.0, 0.0, 1.0]], "opposite": "NORTH_Q2"}, "EAST_Q2": {"matrix": [[1.0, 0.0, 0.0, 2.66895], [0.0, 1.0, 0.0, 0.0], [0.0, 0.0, 1.0, 1.335], [0.0, 0.0, 0.0, 1.0]], "opposite": "WEST_Q2"}, "EAST_Q1": {"matrix": [[1.0, 0.0, 0.0, 2.66895], [0.0, 1.0, 0.0, 0.0], [0.0, 0.0, 1.0, -1.335], [0.0, 0.0, 0.0, 1.0]], "opposite": "WEST_Q1"}, "WEST": {"matrix": [[-1.0, 0.0, 1.2246467991473532e-16, -2.66895], [0.0, 1.0, 0.0, 0.0], [-1.2246467991473532e-16, 0.0, -1.0, 0.0], [0.0, 0.0, 0.0, 1.0]], "opposite": "EAST"}, "EAST_UP_Q1": {"matrix": [[2.220446049250313e-16, -1.0000000000000002, 0.0, 2.66895], [1.0000000000000002, 2.220446049250313e-16, 0.0, 0.0], [0.0, 0.0, 1.0, -1.335], [0.0, 0.0, 0.0, 1.0]], "opposite": "WEST_UP_Q1"}, "EAST_UP_Q2": {"matrix": [[2.220446049250313e-16, -1.0000000000000002, 0.0, 2.66895], [1.0000000000000002, 2.220446049250313e-16, 0.0, 0.0], [0.0, 0.0, 1.0, 1.335], [0.0, 0.0, 0.0, 1.0]], "opposite": "WEST_UP_Q2"}, "NORTH_UP_Q2": {"matrix": [[0.0, -3.3306690738754696e-16, 1.0, 1.335], [1.0, -2.220446049250313e-16, -1.1102230246251565e-16, 0.0], [1.1102230246251565e-16, 1.0, 2.220446049250313e-16, -2.66895], [0.0, 0.0, 0.0, 1.0]], "opposite": "SOUTH_UP_Q2"}, "NORTH_UP_Q1": {"matrix": [[0.0, -3.3306690738754696e-16, 1.0, -1.335], [1.0, -2.220446049250313e-16, -1.1102230246251565e-16, 0.0], [1.1102230246251565e-16, 1.0, 2.220446049250313e-16, -2.66895], [0.0, 0.0, 0.0, 1.0]], "opposite": "SOUTH_UP_Q1"}, "NORTH_UP": {"matrix": [[-2.220446049250313e-16, -2.220446049250313e-16, 1.0, 0.0], [1.0, 0.0, 2.220446049250313e-16, 0.0], [0.0, 1.0, 2.220446049250313e-16, -2.66895], [0.0, 0.0, 0.0, 1.0]]}, "WEST_Q1": {"matrix": [[-1.0, 0.0, 1.2246467991473532e-16, -2.66895], [0.0, 1.0, 0.0, 0.0], [-1.2246467991473532e-16, 0.0, -1.0, 1.335], [0.0, 0.0, 0.0, 1.0]], "opposite": "EAST_Q1"}, "WEST_Q2": {"matrix": [[-1.0, 0.0, 1.2246467991473532e-16, -2.66895], [0.0, 1.0, 0.0, 0.0], [-1.2246467991473532e-16, 0.0, -1.0, -1.335], [0.0, 0.0, 0.0, 1.0]], "opposite": "EAST_Q2"}, "WEST_UP_Q2": {"matrix": [[2.220446049250313e-16, 1.0, -2.465190328815662e-32, -2.66895], [1.0, -2.220446049250313e-16, -1.2246467991473532e-16, 0.0], [-1.2246467991473532e-16, 0.0, -1.0, -1.335], [0.0, 0.0, 0.0, 1.0]], "opposite": "EAST_UP_Q2"}}}, "DOORS": {"parts": ["BUILDDOOR", "DOOR2", "BUILDDOOR_WATER"], "snap_points": {"RAMP20": {"matrix": [[0.0, 1.8596235662471376e-15, -1.0, 1.8595837111578978e-16], [-0.34202014332566893, 0.9396926207859083, 1.748601263784622e-15, 0.37492544374518344], [0.9396926207859084, 0.34202014332566893, 5.551115123125783e-16, 0.8171612891953568], [0.0, 0.0, 0.0, 1.0]], "opposite": "START"}, "RAMP0": {"matrix": [[2.220446049250313e-16, 0.0, -1.0, 1.8595837111578978e-16], [0.0, 1.0, 0.0, 0.37492544374518344], [1.0, 0.0, 2.220446049250313e-16, 0.8171612891953568], [0.0, 0.0, 0.0, 1.0]], "opposite": "START"}, "RAMP10": {"matrix": [[0.0, 1.9706458687096533e-15, -1.0, 1.8595837111578978e-16], [-0.17364817766693053, 0.984807753012208, 1.9428902930940243e-15, 0.37492544374518344], [0.9848077530122081, 0.17364817766693053, 2.220446049250313e-16, 0.8171612891953568], [0.0, 0.0, 0.0, 1.0]], "opposite": "START"}, "RAMP40": {"matrix": [[0.0, 1.9428902930940243e-15, -1.0000000000000002, 1.8595837111578978e-16], [-0.6427876096865394, 0.7660444431189779, 1.4988010832439617e-15, 0.37492544374518344], [0.7660444431189781, 0.6427876096865394, 1.1102230246251565e-15, 0.8171612891953568], [0.0, 0.0, 0.0, 1.0]], "opposite": "START"}, "CORRIDOR": {"matrix": [[-2.220446049250313e-16, 0.0, 1.0, 0.0], [0.0, 1.0, 0.0, 1.665], [-1.0, 0.0, -2.220446049250313e-16, 0.0], [0.0, 0.0, 0.0, 1.0]]}, "RAMP30": {"matrix": [[2.220446049250313e-16, 1.887379141862766e-15, -1.0, 1.8595837111578978e-16], [-0.5000000000000001, 0.8660254037844386, 1.609823385706477e-15, 0.37492544374518344], [0.8660254037844386, 0.5000000000000002, 1.1102230246251565e-15, 0.8171612891953568], [0.0, 0.0, 0.0, 1.0]], "opposite": "START"}}}, "SMALL_FLOORS": {"parts": ["W_FLOOR_Q", "C_FLOOR_Q", "C_FLOOR_Q", "M_FLOOR_Q", "M_FLOOR_Q", "BUILDPAVINGTALL"], "snap_points": {"WEST_UP": {"matrix": [[2.220446049250313e-16, 1.0, -2.465190328815662e-32, -1.321], [1.0, -2.220446049250313e-16, -1.2246467991473532e-16, 0.0], [-1.2246467991473532e-16, 0.0, -1.0, 0.0], [0.0, 0.0, 0.0, 1.0]], "opposite": "EAST_UP"}, "NORTH_UP": {"matrix": [[0.0, -3.3306690738754696e-16, 1.0, 0.0], [1.0, -2.220446049250313e-16, -1.1102230246251565e-16, 0.0], [1.1102230246251565e-16, 1.0, 2.220446049250313e-16, -1.321], [0.0, 0.0, 0.0, 1.0]], "opposite": "SOUTH_UP"}, "NORTH": {"matrix": [[2.220446049250313e-16, 0.0, 1.0, 0.0], [0.0, 1.0, 0.0, 0.0], [-1.0, 0.0, 2.220446049250313e-16, -1.321], [0.0, 0.0, 0.0, 1.0]], "opposite": "SOUTH"}, "SOUTH_UP": {"matrix": [[0.0, -3.3306690738754696e-16, -1.0, 0.0], [1.0, -2.220446049250313e-16, 1.1102230246251565e-16, 0.0], [-1.1102230246251565e-16, -1.0, 2.220446049250313e-16, 1.321], [0.0, 0.0, 0.0, 1.0]], "opposite": "NORTH_UP"}, "GENERIC": {"matrix": [[2.220446049250313e-16, -1.0, 0.0, 5.763871202522532e-17], [1.0, 2.220446049250313e-16, 0.0, 0.2595816819989202], [0.0, 0.0, 1.0, 0.0], [0.0, 0.0, 0.0, 1.0]], "opposite": ""}, "WEST": {"matrix": [[-1.0, 0.0, 1.2246467991473532e-16, -1.321], [0.0, 1.0, 0.0, 0.0], [-1.2246467991473532e-16, 0.0, -1.0, 0.0], [0.0, 0.0, 0.0, 1.0]], "opposite": "EAST"}, "EAST_UP": {"matrix": [[2.220446049250313e-16, -1.0000000000000002, 0.0, 1.3213280754733603], [1.0000000000000002, 2.220446049250313e-16, 0.0, 0.0], [0.0, 0.0, 1.0, 0.0], [0.0, 0.0, 0.0, 1.0]], "opposite": "WEST_UP"}, "EAST": {"matrix": [[1.0, 0.0, 0.0, 1.3213280754733603], [0.0, 1.0, 0.0, 0.0], [0.0, 0.0, 1.0, 0.0], [0.0, 0.0, 0.0, 1.0]], "opposite": "WEST"}, "SOUTH": {"matrix": [[2.220446049250313e-16, 0.0, -1.0, 0.0], [0.0, 1.0, 0.0, 0.0], [1.0, 0.0, 2.220446049250313e-16, 1.321], [0.0, 0.0, 0.0, 1.0]], "opposite": "NORTH"}}}, "EXP_WALL": {"parts": ["WALL"], "snap_points": {"EAST_IN": {"matrix": [[0.0, 0.9999861024598631, 0.005272085652997805, 2.0], [-5.551115123125784e-17, 0.005272085652997638, -0.9999861024598631, 0.5], [-1.0000000000000002, 1.6653345369377353e-16, 0.0, 2.507510596355518e-16], [0.0, 0.0, 0.0, 1.0]], "opposite": "WEST"}, "TOP": {"matrix": [[0.0, -7.216449660063519e-16, 1.0000000000000002, 0.0], [1.0000000000000002, 0.0, -1.1102230246251568e-16, 1.0], [-5.551115123125784e-17, 1.0, 5.551115123125783e-16, 3.923293477016353e-16], [0.0, 0.0, 0.0, 1.0]], "opposite": "BOTTOM"}, "TOP_Q2_IN": {"matrix": [[0.0, 7.850462293418876e-17, 1.0, 2.0], [2.355138688025663e-16, 1.0, -7.850462293418876e-17, 1.0], [-1.0, 2.355138688025663e-16, 0.0, 1.2979547016271823e-17], [0.0, 0.0, 0.0, 1.0]], "opposite": "BOTTOM"}, "MIDDLE_IN": {"matrix": [[2.220446049250313e-16, 0.0, 1.0, 3.8435693724848687e-17], [0.0, 1.0, 0.0, 0.5], [-1.0, 0.0, 2.220446049250313e-16, -0.15], [0.0, 0.0, 0.0, 1.0]]}, "BOTTOM_Q2": {"matrix": [[4.440892098500626e-16, 4.440892098500626e-16, -1.0, -2.0], [-1.0, 0.0, -4.440892098500626e-16, -7.402946399743017e-17], [0.0, 1.0, 4.440892098500626e-16, 8.365061316862152e-16], [0.0, 0.0, 0.0, 1.0]], "opposite": "TOP"}, "EAST_OUT": {"matrix": [[2.220446049250313e-16, -0.9999861024598629, 0.005272085652996306, 2.0], [1.1102230246251565e-16, -0.005272085652996195, -0.9999861024598629, 0.5], [0.9999999999999999, 1.1102230246251565e-16, 2.220446049250313e-16, 4.450101877749757e-32], [0.0, 0.0, 0.0, 1.0]], "opposite": "WEST"}, "BOTTOM_Q1": {"matrix": [[4.440892098500626e-16, 4.440892098500626e-16, -1.0, 2.0], [-1.0, 0.0, -4.440892098500626e-16, -7.402946399743017e-17], [0.0, 1.0, 4.440892098500626e-16, 8.365061316862152e-16], [0.0, 0.0, 0.0, 1.0]], "opposite": "TOP"}, "WEST_OUT": {"matrix": [[0.0, 1.0, 4.440892098500626e-16, -2.0], [5.551115123125783e-17, -4.440892098500626e-16, 1.0, 0.5], [1.0, 5.551115123125783e-17, 0.0, 0.0], [0.0, 0.0, 0.0, 1.0]], "opposite": "EAST"}, "GENERICA": {"matrix": [[2.220446049250313e-16, -1.0, 0.0, 5.763871202522532e-17], [1.0, 2.220446049250313e-16, 0.0, 0.2595816819989202], [0.0, 0.0, 1.0, 2.0], [0.0, 0.0, 0.0, 1.0]], "opposite": ""}, "BOTTOM": {"matrix": [[0.0, 7.216449660063519e-16, -1.0000000000000002, 0.0], [-1.0000000000000002, 0.0, -1.1102230246251568e-16, 0.0], [5.551115123125784e-17, 1.0, 5.551115123125783e-16, 3.923293477016353e-16], [0.0, 0.0, 0.0, 1.0]], "opposite": "TOP"}, "BOTTOM_Q2_OUT": {"matrix": [[0.0, -7.850462293418876e-17, -1.0, 2.0], [-7.850462293418876e-17, 1.0, -7.850462293418876e-17, -7.402946399743017e-17], [1.0, 7.850462293418876e-17, 0.0, 8.365061316862152e-16], [0.0, 0.0, 0.0, 1.0]], "opposite": "TOP"}, "TOP_IN": {"matrix": [[0.0, -1.2560739669470201e-15, 1.0, 0.0], [1.5700924586837762e-16, 1.0, 1.2560739669470201e-15, 1.0], [-1.0, 1.5700924586837762e-16, 0.0, 3.923293477016353e-16], [0.0, 0.0, 0.0, 1.0]], "opposite": "BOTTOM"}, "TOP_Q1_IN": {"matrix": [[0.0, 7.850462293418876e-17, 1.0, -2.0], [2.355138688025663e-16, 1.0, -7.850462293418876e-17, 1.0], [-1.0, 2.355138688025663e-16, 0.0, 1.2979547016271823e-17], [0.0, 0.0, 0.0, 1.0]], "opposite": "BOTTOM"}, "BOTTOM_IN": {"matrix": [[0.0, -2.3551386880256627e-15, 1.0, 0.0], [-1.5700924586837762e-16, 1.0, 2.3551386880256627e-15, 0.0], [-1.0, -1.5700924586837762e-16, 0.0, 3.923293477016353e-16], [0.0, 0.0, 0.0, 1.0]], "opposite": "TOP"}, "BOTTOM_Q2_IN": {"matrix": [[2.220446049250313e-16, 0.0, 1.0000000000000002, 2.0], [0.0, 1.0, 0.0, -7.402946399743017e-17], [-1.0000000000000002, 0.0, 2.220446049250313e-16, 8.365061316862152e-16], [0.0, 0.0, 0.0, 1.0]], "opposite": "TOP"}, "BOTTOM_OUT": {"matrix": [[4.440892098500626e-16, 0.0, -1.0, 0.0], [0.0, 1.0, 0.0, 0.0], [1.0, 0.0, 4.440892098500626e-16, 3.923293477016353e-16], [0.0, 0.0, 0.0, 1.0]], "opposite": "TOP"}, "TOP_Q1_OUT": {"matrix": [[7.771561172376096e-16, 0.0, -1.0, -2.0], [0.0, 1.0, 0.0, 1.0], [1.0, 0.0, 7.771561172376096e-16, 1.2979547016271823e-17], [0.0, 0.0, 0.0, 1.0]], "opposite": "BOTTOM"}, "EAST": {"matrix": [[0.999986102459863, -8.673617379884035e-19, 0.005272085652996796, 2.0], [0.005272085652996796, 1.1102230246251565e-16, -0.999986102459863, 0.5], [0.0, 1.0, 1.1102230246251565e-16, 5.694647396678384e-16], [0.0, 0.0, 0.0, 1.0]], "opposite": "WEST"}, "TOP_Q2_OUT": {"matrix": [[7.771561172376096e-16, 0.0, -1.0, 2.0], [0.0, 1.0, 0.0, 1.0], [1.0, 0.0, 7.771561172376096e-16, 1.2979547016271823e-17], [0.0, 0.0, 0.0, 1.0]], "opposite": "BOTTOM"}, "TOP_OUT": {"matrix": [[4.440892098500626e-16, 0.0, -1.0, 0.0], [0.0, 1.0, 0.0, 1.0], [1.0, 0.0, 4.440892098500626e-16, 3.923293477016353e-16], [0.0, 0.0, 0.0, 1.0]], "opposite": "BOTTOM"}, "WEST_IN": {"matrix": [[-2.220446049250313e-16, -1.0, -2.7755575615628914e-16, -2.0], [-1.1102230246251565e-16, -4.440892098500626e-16, 1.0, 0.5], [-1.0000000000000002, 1.1102230246251565e-16, -2.220446049250313e-16, 0.0], [0.0, 0.0, 0.0, 1.0]], "opposite": "EAST"}, "MIDDLE_OUT": {"matrix": [[2.220446049250313e-16, 0.0, -1.0, 3.699736874334352e-17], [0.0, 1.0, 0.0, 0.5], [1.0, 0.0, 2.220446049250313e-16, 0.15], [0.0, 0.0, 0.0, 1.0]]}, "BOTTOM_Q1_IN": {"matrix": [[2.220446049250313e-16, 0.0, 1.0000000000000002, -2.0], [0.0, 1.0, 0.0, -7.402946399743017e-17], [-1.0000000000000002, 0.0, 2.220446049250313e-16, 8.365061316862152e-16], [0.0, 0.0, 0.0, 1.0]], "opposite": "TOP"}, "TOP_Q1": {"matrix": [[0.0, -7.216449660063519e-16, 1.0000000000000002, -2.0], [1.0000000000000002, 0.0, -1.1102230246251568e-16, 1.0], [-5.551115123125784e-17, 1.0, 5.551115123125783e-16, 1.2979547016271823e-17], [0.0, 0.0, 0.0, 1.0]], "opposite": "BOTTOM"}, "TOP_Q2": {"matrix": [[0.0, -7.216449660063519e-16, 1.0000000000000002, 2.0], [1.0000000000000002, 0.0, -1.1102230246251568e-16, 1.0], [-5.551115123125784e-17, 1.0, 5.551115123125783e-16, 1.2979547016271823e-17], [0.0, 0.0, 0.0, 1.0]], "opposite": "BOTTOM"}, "BOTTOM_Q1_OUT": {"matrix": [[0.0, -7.850462293418876e-17, -1.0, -2.0], [-7.850462293418876e-17, 1.0, -7.850462293418876e-17, -7.402946399743017e-17], [1.0, 7.850462293418876e-17, 0.0, 8.365061316862152e-16], [0.0, 0.0, 0.0, 1.0]], "opposite": "TOP"}, "WEST": {"matrix": [[-1.0, -2.465190328815662e-32, 1.2246467991473532e-16, -2.0], [1.2246467991473532e-16, -2.220446049250313e-16, 1.0, 0.5], [0.0, 1.0, 2.220446049250313e-16, 0.0], [0.0, 0.0, 0.0, 1.0]], "opposite": "EAST"}, "GENERICB": {"matrix": [[2.220446049250313e-16, 1.0000000000000002, 1.2246467991473535e-16, 5.763871202522532e-17], [1.0000000000000002, -4.440892098500626e-16, -3.697785493223493e-32, 0.2595816819989202], [-1.232595164407831e-32, 1.2246467991473535e-16, -1.0, -2.0], [0.0, 0.0, 0.0, 1.0]], "opposite": ""}}}, "EXP_WALLCURVED": {"parts": ["WALLCURVED"], "snap_points": {"START": {"matrix": [[-1.0, 0.0, -1.2246467991473532e-16, -1.9999999999999996], [0.0, 1.0, 0.0, 0.5], [1.2246467991473532e-16, 0.0, -1.0, -2.0], [0.0, 0.0, 0.0, 1.0]], "opposite": "END"}, "END": {"matrix": [[2.220446049250313e-16, 0.0, -1.0, 2.0], [0.0, 1.0, 0.0, 0.5], [1.0, 0.0, 2.220446049250313e-16, 2.084], [0.0, 0.0, 0.0, 1.0]], "opposite": "START"}}}, "CORRIDOR_L": {"parts": ["CORRIDORL", "CORRIDORL_WATER", "CORRIDORL_WATER", "CORRIDORL_WATER"], "snap_points": {"START": {"matrix": [[2.220446049250313e-16, 0.0, 1.0, 7.438494264988557e-17], [0.0, 1.0, 0.0, 1.665], [-1.0, 0.0, 2.220446049250313e-16, -2.0000000000000004], [0.0, 0.0, 0.0, 1.0]], "opposite": "END"}, "END": {"matrix": [[-1.0, 0.0, -1.2246467991473532e-16, -2.0], [0.0, 1.0, 0.0, 1.6649999999999998], [1.2246467991473532e-16, 0.0, -1.0, 0.0], [0.0, 0.0, 0.0, 1.0]], "opposite": "START"}}}, "WINDOWS": {"parts": ["CUBEWINDOW"], "snap_points": {"ATTACH": {"matrix": [[2.220446049250313e-16, 0.0, 1.0, 0.0], [0.0, 1.0, 0.0, 2.0], [-1.0, 0.0, 2.220446049250313e-16, 0.0], [0.0, 0.0, 0.0, 1.0]], "opposite": "WEST180"}}}, "RAMPS": {"parts": ["W_RAMP", "C_RAMP", "M_RAMP"], "snap_points": {"NORTH": {"matrix": [[2.220446049250313e-16, 0.0, -1.0, 0.0], [0.0, 1.0, 0.0, 3.33294], [1.0, 0.0, 2.220446049250313e-16, 2.669], [0.0, 0.0, 0.0, 1.0]], "opposite": "SOUTH"}, "NORTH_Q2_IN": {"matrix": [[2.220446049250313e-16, 0.0, 1.0, -1.335], [0.0, 1.0, 0.0, 3.33294], [-1.0, 0.0, 2.220446049250313e-16, 2.669], [0.0, 0.0, 0.0, 1.0]], "opposite": "SOUTH"}, "SOUTH_Q1": {"matrix": [[2.220446049250313e-16, 0.0, 1.0, 1.335], [0.0, 1.0, 0.0, 0.0], [-1.0, 0.0, 2.220446049250313e-16, -2.669], [0.0, 0.0, 0.0, 1.0]], "opposite": "NORTH"}, "WEST": {"matrix": [[1.0, 0.0, 0.0, 2.669], [0.0, 1.0, 0.0, 1.5342177137312576], [0.0, 0.0, 1.0, 6.592436273144673e-17], [0.0, 0.0, 0.0, 1.0]], "opposite": "EAST"}, "SOUTH_Q2": {"matrix": [[2.220446049250313e-16, 0.0, 1.0, -1.335], [0.0, 1.0, 0.0, 0.0], [-1.0, 0.0, 2.220446049250313e-16, -2.669], [0.0, 0.0, 0.0, 1.0]], "opposite": "NORTH"}, "SOUTH_IN": {"matrix": [[2.220446049250313e-16, 0.0, -1.0, -1.962431634580781e-15], [0.0, 1.0, 0.0, 0.0], [1.0, 0.0, 2.220446049250313e-16, -2.669], [0.0, 0.0, 0.0, 1.0]], "opposite": "NORTH"}, "NORTH_IN": {"matrix": [[2.220446049250313e-16, 0.0, 1.0, 0.0], [0.0, 1.0, 0.0, 3.33294], [-1.0, 0.0, 2.220446049250313e-16, 2.669], [0.0, 0.0, 0.0, 1.0]], "opposite": "SOUTH"}, "NORTH_Q2": {"matrix": [[2.220446049250313e-16, 0.0, -1.0, -1.335], [0.0, 1.0, 0.0, 3.33294], [1.0, 0.0, 2.220446049250313e-16, 2.669], [0.0, 0.0, 0.0, 1.0]], "opposite": "SOUTH"}, "NORTH_Q1": {"matrix": [[2.220446049250313e-16, 0.0, -1.0, 1.335], [0.0, 1.0, 0.0, 3.33294], [1.0, 0.0, 2.220446049250313e-16, 2.669], [0.0, 0.0, 0.0, 1.0]], "opposite": "SOUTH"}, "NORTH_Q1_IN": {"matrix": [[2.220446049250313e-16, 0.0, 1.0, 1.335], [0.0, 1.0, 0.0, 3.33294], [-1.0, 0.0, 2.220446049250313e-16, 2.669], [0.0, 0.0, 0.0, 1.0]], "opposite": "SOUTH"}, "SOUTH_Q1_IN": {"matrix": [[2.220446049250313e-16, 0.0, -1.0, 1.335], [0.0, 1.0, 0.0, 0.0], [1.0, 0.0, 2.220446049250313e-16, -2.669], [0.0, 0.0, 0.0, 1.0]], "opposite": "NORTH"}, "EAST": {"matrix": [[-1.0, 0.0, 1.2246467991473532e-16, -2.669], [0.0, 1.0, 0.0, 1.5342177137312576], [-1.2246467991473532e-16, 0.0, -1.0, 6.592436273144673e-17], [0.0, 0.0, 0.0, 1.0]], "opposite": "WEST"}, "SOUTH_Q2_IN": {"matrix": [[2.220446049250313e-16, 0.0, -1.0, -1.335], [0.0, 1.0, 0.0, 0.0], [1.0, 0.0, 2.220446049250313e-16, -2.669], [0.0, 0.0, 0.0, 1.0]], "opposite": "NORTH"}, "SOUTH": {"matrix": [[2.220446049250313e-16, 0.0, 1.0, -1.962431634580781e-15], [0.0, 1.0, 0.0, 0.0], [-1.0, 0.0, 2.220446049250313e-16, -2.669], [0.0, 0.0, 0.0, 1.0]], "opposite": "NORTH"}}}, "CURVED_PIPES": {"parts": ["CURVEPIPESHAPE"], "snap_points": {"TOP180": {"matrix": [[-1.0, 1.2246467991473532e-16, 1.4997597826618576e-32, -1.0], [1.2246467991473532e-16, 1.0, 1.2246467991473532e-16, 1.0], [0.0, 1.2246467991473532e-16, -1.0, 0.0], [0.0, 0.0, 0.0, 1.0]], "opposite": "BOTTOM180"}, "TOP225": {"matrix": [[-1.0, 8.659560562354933e-17, -8.659560562354932e-17, -1.0], [1.224646799147353e-16, 0.7071067811865476, -0.7071067811865475, 1.0], [0.0, -0.7071067811865475, -0.7071067811865475, 0.0], [0.0, 0.0, 0.0, 1.0]], "opposite": "BOTTOM225"}, "BOTTOM135": {"matrix": [[1.1102230246251565e-16, 0.7071067811865476, 0.7071067811865476, 0.0], [-1.0000000000000002, 0.0, 1.1102230246251568e-16, 0.0], [0.0, -0.7071067811865476, 0.7071067811865475, 0.0], [0.0, 0.0, 0.0, 1.0]], "opposite": "TOP135"}, "BOTTOM180": {"matrix": [[2.220446049250313e-16, 1.0, 0.0, 0.0], [-1.0, 2.220446049250313e-16, 0.0, 0.0], [0.0, 0.0, 1.0, 0.0], [0.0, 0.0, 0.0, 1.0]], "opposite": "TOP180"}, "TOP0": {"matrix": [[-1.0, -1.2246467991473532e-16, 0.0, -1.0], [1.2246467991473532e-16, -1.0, 0.0, 1.0], [0.0, 0.0, 1.0, 0.0], [0.0, 0.0, 0.0, 1.0]], "opposite": "BOTTOM0"}, "TOP315": {"matrix": [[-1.0, -8.65956056235493e-17, -8.659560562354935e-17, -1.0], [1.2246467991473532e-16, -0.7071067811865475, -0.7071067811865477, 1.0], [0.0, -0.7071067811865477, 0.7071067811865474, 0.0], [0.0, 0.0, 0.0, 1.0]], "opposite": "BOTTOM315"}, "TOP270": {"matrix": [[-1.0, 2.465190328815662e-32, -1.2246467991473532e-16, -1.0], [1.2246467991473532e-16, 2.220446049250313e-16, -1.0, 1.0], [0.0, -1.0, -2.220446049250313e-16, 0.0], [0.0, 0.0, 0.0, 1.0]], "opposite": "BOTTOM270"}, "TOP90": {"matrix": [[-1.0, -2.465190328815662e-32, 1.2246467991473532e-16, -1.0], [1.2246467991473532e-16, -2.220446049250313e-16, 1.0, 1.0], [0.0, 1.0, 2.220446049250313e-16, 0.0], [0.0, 0.0, 0.0, 1.0]], "opposite": "BOTTOM90"}, "TOP135": {"matrix": [[-1.0, 8.65956056235493e-17, 8.659560562354934e-17, -1.0], [1.2246467991473532e-16, 0.7071067811865475, 0.7071067811865477, 1.0], [0.0, 0.7071067811865477, -0.7071067811865475, 0.0], [0.0, 0.0, 0.0, 1.0]], "opposite": "BOTTOM135"}, "BOTTOM270": {"matrix": [[2.220446049250313e-16, 2.220446049250313e-16, -1.0, 0.0], [-1.0, 0.0, -2.220446049250313e-16, 0.0], [0.0, 1.0, 2.220446049250313e-16, 0.0], [0.0, 0.0, 0.0, 1.0]], "opposite": "TOP270"}, "BOTTOM90": {"matrix": [[2.220446049250313e-16, 2.220446049250313e-16, 1.0, 0.0], [-1.0, 0.0, 2.220446049250313e-16, 0.0], [0.0, -1.0, 2.220446049250313e-16, 0.0], [0.0, 0.0, 0.0, 1.0]], "opposite": "TOP90"}, "BOTTOM45": {"matrix": [[2.220446049250313e-16, -0.7071067811865475, 0.7071067811865476, 0.0], [-1.0, 0.0, 1.1102230246251565e-16, 0.0], [0.0, -0.7071067811865476, -0.7071067811865475, 0.0], [0.0, 0.0, 0.0, 1.0]], "opposite": "TOP45"}, "BOTTOM0": {"matrix": [[2.220446049250313e-16, -1.0, 1.2246467991473532e-16, 0.0], [-1.0, -2.220446049250313e-16, 2.465190328815662e-32, 0.0], [0.0, -1.2246467991473532e-16, -1.0, 0.0], [0.0, 0.0, 0.0, 1.0]], "opposite": "TOP0"}, "BOTTOM315": {"matrix": [[2.220446049250313e-16, -0.7071067811865475, -0.7071067811865476, 0.0], [-1.0, 0.0, -1.1102230246251565e-16, 0.0], [0.0, 0.7071067811865476, -0.7071067811865475, 0.0], [0.0, 0.0, 0.0, 1.0]], "opposite": "TOP315"}, "TOP45": {"matrix": [[-1.0, -8.659560562354932e-17, 8.659560562354933e-17, -1.0], [1.224646799147353e-16, -0.7071067811865475, 0.7071067811865476, 1.0], [6.162975822039155e-33, 0.7071067811865476, 0.7071067811865475, 0.0], [0.0, 0.0, 0.0, 1.0]], "opposite": "BOTTOM45"}, "BOTTOM225": {"matrix": [[1.1102230246251565e-16, 0.7071067811865476, -0.7071067811865476, 0.0], [-1.0000000000000002, 0.0, -1.1102230246251568e-16, 0.0], [0.0, 0.7071067811865476, 0.7071067811865475, 0.0], [0.0, 0.0, 0.0, 1.0]], "opposite": "TOP225"}}}, "CORRIDOR_T": {"parts": ["CORRIDORT", "CORRIDORT_WATER", "CORRIDORT_WATER"], "snap_points": {"START": {"matrix": [[2.220446049250313e-16, 0.0, 1.0, 0.0], [0.0, 1.0, 0.0, 1.665], [-1.0, 0.0, 2.220446049250313e-16, -2.0], [0.0, 0.0, 0.0, 1.0]], "opposite": "END"}, "END": {"matrix": [[2.220446049250313e-16, 0.0, -1.0, 0.0], [0.0, 1.0, 0.0, 1.665], [1.0, 0.0, 2.220446049250313e-16, 2.0], [0.0, 0.0, 0.0, 1.0]], "opposite": "START"}, "MID": {"matrix": [[-1.0, 0.0, -1.2246467991473532e-16, -2.0], [0.0, 1.0, 0.0, 1.665], [1.2246467991473532e-16, 0.0, -1.0, 0.0], [0.0, 0.0, 0.0, 1.0]], "opposite": "END"}}}, "CORRIDOR_V": {"parts": ["CORRIDORV_WATER", "CORRIDORV_WATER", "CORRIDORV_WATER"], "snap_points": {"START": {"matrix": [[-2.220446049250313e-16, -1.0, -2.465190328815662e-32, 0.0], [-1.0, 2.220446049250313e-16, -1.2246467991473532e-16, 0.0], [1.2246467991473532e-16, 0.0, -1.0, 0.0], [0.0, 0.0, 0.0, 1.0]], "opposite": "END"}, "END": {"matrix": [[2.220446049250313e-16, -1.0, 0.0, 9.232919305303728e-16], [1.0, 2.220446049250313e-16, 0.0, 4.0], [0.0, 0.0, 1.0, 0.0], [0.0, 0.0, 0.0, 1.0]], "opposite": "START"}}}, "CORRIDOR_CORNER": {"parts": ["CORRIDORC"], "snap_points": {"START": {"matrix": [[2.220446049250313e-16, 0.0, -1.0, -2.0], [0.0, 1.0, 0.0, 1.665], [1.0, 0.0, 2.220446049250313e-16, 4.0], [0.0, 0.0, 0.0, 1.0]], "opposite": "END"}, "END": {"matrix": [[1.0, 0.0, 0.0, 4.0], [0.0, 1.0, 0.0, 1.665], [0.0, 0.0, 1.0, -2.0], [0.0, 0.0, 0.0, 1.0]], "opposite": "START"}}}, "SMALL_PAVING": {"parts": ["BUILDPAVING"], "snap_points": {"WEST": {"matrix": [[-1.0, 0.0, 1.2246467991473532e-16, -1.1278899659329038], [0.0, 1.0, 0.0, 0.0], [-1.2246467991473532e-16, 0.0, -1.0, 2.3649158510350568e-17], [0.0, 0.0, 0.0, 1.0]], "opposite": "EAST"}, "EAST": {"matrix": [[1.0, 0.0, 0.0, 1.128], [0.0, 1.0, 0.0, 0.0], [0.0, 0.0, 1.0, 0.0], [0.0, 0.0, 0.0, 1.0]], "opposite": "WEST"}, "NORTH": {"matrix": [[2.220446049250313e-16, 0.0, 1.0, 0.0], [0.0, 1.0, 0.0, 0.0], [-1.0, 0.0, 2.220446049250313e-16, -1.128], [0.0, 0.0, 0.0, 1.0]], "opposite": "SOUTH"}, "SOUTH": {"matrix": [[2.220446049250313e-16, 0.0, -1.0, 0.0], [0.0, 1.0, 0.0, 0.0], [1.0, 0.0, 2.220446049250313e-16, 1.128], [0.0, 0.0, 0.0, 1.0]], "opposite": "NORTH"}}}, "CORRIDOR_X": {"parts": ["CORRIDORX", "CORRIDORX_WATER"], "snap_points": {"START": {"matrix": [[2.220446049250313e-16, 0.0, 1.0, 0.0], [0.0, 1.0, 0.0, 1.665], [-1.0, 0.0, 2.220446049250313e-16, -2.0], [0.0, 0.0, 0.0, 1.0]], "opposite": "END"}, "RIGHT": {"matrix": [[-1.0, 0.0, -1.2246467991473532e-16, -2.0], [0.0, 1.0, 0.0, 1.665], [1.2246467991473532e-16, 0.0, -1.0, 0.0], [0.0, 0.0, 0.0, 1.0]], "opposite": "LEFT"}, "END": {"matrix": [[2.220446049250313e-16, 0.0, -1.0, 0.0], [0.0, 1.0, 0.0, 1.665], [1.0, 0.0, 2.220446049250313e-16, 2.0], [0.0, 0.0, 0.0, 1.0]], "opposite": "START"}, "LEFT": {"matrix": [[1.0, 0.0, 0.0, 2.0], [0.0, 1.0, 0.0, 1.665], [0.0, 0.0, 1.0, 0.0], [0.0, 0.0, 0.0, 1.0]], "opposite": "RIGHT"}}}, "CUBES": {"parts": ["CUBEROOM", "CUBEROOM", "CUBESOLID", "CUBESOLID", "CUBEFRAME", "CUBEGLASS", "CONTAINER0", "CONTAINER1", "CONTAINER2", "CONTAINER3", "CONTAINER4", "CONTAINER5", "CONTAINER6", "CONTAINER8", "CONTAINER9"], "snap_points": {"NORTH": {"matrix": [[2.220446049250313e-16, 0.0, 1.0000000000000002, -5.25580304229029e-16], [0.0, 1.0, 0.0, 2.000000000000001], [-1.0000000000000002, 0.0, 2.220446049250313e-16, -2.0], [0.0, 0.0, 0.0, 1.0]], "opposite": "SOUTH"}, "BOTTOM": {"matrix": [[8.459899447643693e-14, 1.0000000000000002, 1.224646799147457e-16, 6.43013654251203e-13], [-1.0000000000000002, 8.459899447643693e-14, -1.2246467991472497e-16, 0.0], [-1.2246467991473535e-16, -1.2246467991473532e-16, 1.0, 0.0], [0.0, 0.0, 0.0, 1.0]], "opposite": "TOP"}, "WEST": {"matrix": [[-1.0, 1.2246467991473532e-16, 1.4997597826618576e-32, -2.0], [1.2246467991473532e-16, 1.0, 1.2246467991473532e-16, 2.0], [0.0, 1.2246467991473532e-16, -1.0, 0.0], [0.0, 0.0, 0.0, 1.0]], "opposite": "EAST"}, "TOP": {"matrix": [[-1.170175067954915e-13, -1.0, 0.0, 1.2884580159302773e-13], [1.0, -1.170175067954915e-13, 0.0, 4.0], [0.0, 0.0, 1.0, 0.0], [0.0, 0.0, 0.0, 1.0]], "opposite": "BOTTOM"}, "EAST": {"matrix": [[1.0, 1.2246467991473532e-16, 1.2246467991473532e-16, 2.0], [-1.2246467991473532e-16, 1.0, 1.2246467991473532e-16, 2.0], [-1.2246467991473532e-16, -1.2246467991473532e-16, 1.0, 4.930380657631325e-32], [0.0, 0.0, 0.0, 1.0]], "opposite": "WEST"}, "SOUTH": {"matrix": [[-2.220446049250313e-16, 2.4492935982947064e-16, -1.0, 0.0], [4.930380657631324e-32, 1.0, 2.4492935982947064e-16, 2.000000000000001], [1.0, 0.0, -2.220446049250313e-16, 2.0], [0.0, 0.0, 0.0, 1.0]], "opposite": "NORTH"}}}, "MAIN_WINDOWS": {"parts": ["BUILDWINDOW"], "snap_points": {"ATTACH": {"matrix": [[0.0, 5.966351342998346e-15, 1.0, -1.4672248178871675e-14], [1.5700924586837762e-16, 1.0, -5.966351342998346e-15, 1.5], [-1.0, 1.5700924586837762e-16, 0.0, 9.860761315262648e-32], [0.0, 0.0, 0.0, 1.0]], "opposite": ""}}}, "WEDGE": {"parts": ["WEDGESHAPE"], "snap_points": {"BOTTOM0": {"matrix": [[8.459899447643693e-14, -1.0000000000000002, -1.0378451284313937e-29, 6.43013654251203e-13], [-1.0000000000000002, -8.482103908136196e-14, 1.2246467991473535e-16, -3.659266894335748e-33], [-1.2246467991473535e-16, -1.232595164407831e-32, -1.0, 1.0], [0.0, 0.0, 0.0, 1.0]], "opposite": "NORTH0"}, "WESTA": {"matrix": [[-1.0, -1.2246467991473532e-16, 0.0, -1.0], [1.2246467991473532e-16, -1.0, 0.0, 1.0], [0.0, 0.0, 1.0, 0.0], [0.0, 0.0, 0.0, 1.0]], "opposite": "EAST"}, "BOTTOMA": {"matrix": [[8.459899447643693e-14, 1.0000000000000002, 1.224646799147457e-16, 6.43013654251203e-13], [-1.0000000000000002, 8.459899447643693e-14, -1.2246467991472497e-16, 0.0], [-1.2246467991473535e-16, -1.2246467991473532e-16, 1.0, 0.0], [0.0, 0.0, 0.0, 1.0]], "opposite": "NORTH0"}, "BOTTOMB": {"matrix": [[8.459899447643693e-14, 1.0000000000000002, 1.224646799147457e-16, 6.430136542512032e-13], [-1.0000000000000002, 8.459899447643693e-14, -1.2246467991472497e-16, -6.77927340424307e-32], [-1.2246467991473535e-16, -1.2246467991473532e-16, 1.0, 2.0], [0.0, 0.0, 0.0, 1.0]], "opposite": "NORTH0"}, "WEST": {"matrix": [[-1.0, 1.2246467991473532e-16, 1.4997597826618576e-32, -1.0], [1.2246467991473532e-16, 1.0, 1.2246467991473532e-16, 1.0], [0.0, 1.2246467991473532e-16, -1.0, 1.0], [0.0, 0.0, 0.0, 1.0]], "opposite": "EAST"}, "NORTH180": {"matrix": [[2.220446049250313e-16, 1.2246467991473535e-16, -1.0000000000000002, -5.25580304229029e-16], [-1.232595164407831e-32, -1.0, -1.2246467991473535e-16, 1.0], [-1.0000000000000002, 3.697785493223493e-32, -4.440892098500626e-16, -1.0], [0.0, 0.0, 0.0, 1.0]], "opposite": "BOTTOM180"}, "BOTTOM180": {"matrix": [[8.459899447643693e-14, 1.0000000000000002, 1.224646799147457e-16, 6.43013654251203e-13], [-1.0000000000000002, 8.459899447643693e-14, -1.2246467991472497e-16, -3.659266894335748e-33], [-1.2246467991473535e-16, -1.2246467991473532e-16, 1.0, 1.0], [0.0, 0.0, 0.0, 1.0]], "opposite": "NORTH180"}, "NORTH270": {"matrix": [[2.220446049250313e-16, -1.0, -1.1102230246251565e-16, -5.25580304229029e-16], [1.1102230246251565e-16, -2.220446049250313e-16, 1.0, 1.0], [-1.0, -3.3306690738754696e-16, 0.0, -1.0], [0.0, 0.0, 0.0, 1.0]], "opposite": "BOTTOM270"}, "NORTH0": {"matrix": [[2.220446049250313e-16, 0.0, 1.0, -5.25580304229029e-16], [0.0, 1.0, 0.0, 1.0], [-1.0, 0.0, 2.220446049250313e-16, -1.0], [0.0, 0.0, 0.0, 1.0]], "opposite": "BOTTOM0"}, "BOTTOM90": {"matrix": [[8.493206138382448e-14, -2.775557561562891e-16, 0.9999999999999998, 6.43013654251203e-13], [-1.0, 2.220446049250313e-16, 8.48765502325932e-14, -3.659266894335748e-33], [-1.1102230246251563e-16, -1.0, -2.220446049250313e-16, 1.0], [0.0, 0.0, 0.0, 1.0]], "opposite": "NORTH90"}, "EASTA": {"matrix": [[1.0